218.814072 19.537066 191.686447 43.288254
139.726501 66.138771 90.539734 86.604233
137.815186 68.614761 88.259071 88.745331
52.536858 75.689590 12.080111 97.227432
125.728279 85.764481 72.740211 105.551102
158.889404 86.431976 103.898193 105.969803
145.089600 88.052292 90.413055 107.544540
145.089600 88.052292 90.413055 107.544540
129.755066 90.784958 75.548203 110.061447
98.540207 92.056122 46.599033 111.957512
123.868164 92.677383 69.935837 112.169327
123.868164 92.677383 69.935837 112.169327
175.532776 97.050323 118.962784 116.060135
193.533157 97.751869 138.144333 117.056290
149.456039 100.814377 92.198471 119.728561
166.754135 105.230972 108.486366 124.171600
96.181801 107.453033 42.427307 126.930138
207.933090 107.671494 152.364594 126.732712
207.933090 107.671494 152.364594 126.732712
153.175781 110.921021 94.492867 129.678986
75.276421 114.879654 22.726740 134.630173
75.941154 117.928596 23.465536 137.442947
157.604294 125.301834 95.472382 143.376541
101.164207 125.958923 45.037987 145.017227
101.164207 125.958923 45.037987 145.017227
90.187195 127.175774 35.150475 146.445648
144.880524 130.502991 82.937561 148.673767
415.866486 133.200394 403.450928 157.477158
91.921844 138.320999 35.513832 157.217789
154.030258 139.994781 90.088074 157.583420
80.625099 144.589951 24.911058 163.409851
134.008133 146.869766 70.205315 164.705536
134.008133 146.869766 70.205315 164.705536
139.895111 149.238892 75.352043 166.847748
112.460403 158.982391 49.358356 176.792145
144.906952 169.922791 77.334373 186.973068
367.530029 173.667801 313.162598 192.130585
260.507568 174.244781 198.259720 191.806503
93.389511 181.549133 31.036489 199.212982
327.135071 181.794052 265.518951 199.640213
302.703735 185.691071 240.607162 202.770081
115.504372 193.072922 49.045086 210.060074
258.771545 209.559586 200.645416 227.385071
398.888092 232.023941 353.607819 251.224625
401.342560 241.326050 358.321838 260.728088
378.190552 253.200439 335.179718 272.667572
440.553040 281.734283 412.399078 303.069824
141.255554 287.571320 82.672157 305.024689
437.566864 289.393005 410.604492 310.732056
426.763123 326.178009 397.987000 347.089752
426.763123 326.178009 397.987000 347.089752
340.298981 326.397034 304.000854 346.300385
340.298981 326.397034 304.000854 346.300385
345.525757 335.133881 309.860474 355.113770
345.525757 335.133881 309.860474 355.113770
98.487579 337.708649 47.211521 355.591949
286.431488 344.635254 238.523041 363.083435
138.901108 349.900879 83.560051 367.171021
317.570343 368.689911 274.965271 387.624084
392.759430 403.933502 373.602203 426.127228
390.935242 414.672302 371.727234 436.328247
114.882393 416.450836 66.536041 434.402466
276.640808 424.030029 224.890610 441.307922
388.468597 424.057922 368.985657 446.111115
393.142578 427.281128 373.372498 449.128693
395.488220 439.249817 375.734253 461.042236
398.276215 439.805481 378.472443 461.607819
235.842773 443.590393 177.893875 459.431824
381.188171 446.004913 364.317719 468.117767
338.147369 455.062042 302.431091 474.642517
409.883026 459.344574 390.757721 481.173798
227.532181 510.703156 181.553680 528.334961
442.706177 612.944824 445.603058 637.297302
453.418243 621.113525 455.837524 645.263977
394.115265 634.292542 397.298737 658.415588
394.115265 634.292542 397.298737 658.415588
441.339050 638.432251 441.872314 662.189819
223.330139 15.268971 196.314972 39.139431
140.444901 62.595776 92.483505 83.176323
140.444901 62.595776 92.483505 83.176323
136.432068 81.109573 83.751846 100.841164
123.348312 83.996307 70.994255 103.714485
178.998352 85.790314 125.226532 105.282059
185.549423 85.897827 131.701767 105.425591
164.896744 88.565971 109.889954 108.064301
164.896744 88.565971 109.889954 108.064301
152.185120 89.784172 97.039757 109.055313
182.148468 89.582680 127.433784 109.094429
129.962585 98.879227 74.020020 118.157967
125.769005 101.470924 69.984093 120.724930
104.644371 102.085564 50.820633 121.434410
159.410782 114.397316 99.410675 132.857712
135.931061 116.812889 77.129570 135.565399
135.931061 116.812889 77.129570 135.565399
130.389633 118.522278 72.528740 136.977966
130.389633 118.522278 72.528740 136.977966
90.872719 119.792374 36.372234 138.972839
115.176956 121.876175 57.817810 140.968460
115.176956 121.876175 57.817810 140.968460
115.176956 121.876175 57.817810 140.968460
119.236694 122.149101 61.733910 140.920609
119.236694 122.149101 61.733910 140.920609
121.034309 125.801956 62.946712 144.432770
68.706390 128.161835 16.266420 147.580917
94.015564 128.530945 38.327179 147.525360
160.506042 130.234024 97.664337 148.258926
82.980629 138.995789 28.048275 157.878738
104.018707 148.540619 44.069401 166.783447
336.111511 149.302444 277.686768 167.382889
87.261093 154.270981 28.833429 173.134354
121.746605 159.400497 57.577606 176.929199
121.746605 159.400497 57.577606 176.929199
74.631500 165.330307 17.591555 183.558853
143.134750 166.828583 76.479958 184.005936
68.842972 172.711914 11.660266 191.222412
372.906830 173.778000 319.720459 192.371460
253.854279 182.408783 192.979416 200.177246
80.966446 188.405304 19.798586 206.413025
67.958191 195.294754 8.780818 213.231628
67.958191 195.294754 8.780818 213.231628
112.322937 197.456024 45.996441 214.162354
112.322937 197.456024 45.996441 214.162354
306.660858 200.950439 245.418610 218.287247
306.559479 204.430237 245.749710 221.936264
166.274857 208.993332 98.139450 225.454010
415.618500 242.277145 376.086304 262.147400
388.214478 262.415710 346.340302 282.023773
389.470795 266.139618 347.799713 285.565063
137.065994 295.709076 78.694748 312.959686
137.065994 295.709076 78.694748 312.959686
135.391235 299.295319 77.421623 316.702332
202.032990 313.779388 140.230026 330.637878
371.544647 331.887543 343.504211 353.277313
371.544647 331.887543 343.504211 353.277313
377.951141 338.745575 350.078644 359.871277
339.895630 338.945312 302.674347 358.907898
157.994263 372.569580 104.688805 390.056152
157.994263 372.569580 104.688805 390.056152
444.585846 377.268555 423.388184 399.076324
441.087158 384.523773 420.882843 406.531769
389.141235 401.469269 370.007568 423.625916
392.980469 434.393280 373.162811 455.923401
450.080444 562.900574 451.942566 587.295532
444.971344 567.084412 447.614594 590.985352
443.963257 568.326538 447.614594 590.985352
427.021606 569.476440 432.178680 594.073730
343.787476 591.738647 344.146179 615.460693
416.300476 631.597839 418.893127 655.673584
437.821655 638.377319 438.160828 662.166626
459.299133 643.484680 459.593292 667.313660
374.147186 665.216492 373.133789 688.542419
374.147186 665.216492 373.133789 688.542419
368.541382 666.935852 367.558289 690.447754
182.547333 83.075020 129.564423 102.222809
149.443237 93.668091 93.383560 112.631332
182.999451 93.892281 127.548347 113.152664
338.730225 96.690987 295.343018 117.324669
112.971207 98.141373 59.276955 117.802666
108.023361 98.988480 54.519501 118.713829
353.015198 114.859131 311.582306 135.547348
152.049301 121.547211 90.974319 139.397888
132.667694 121.713684 74.335335 139.761398
99.203377 122.497208 43.708317 141.237473
156.900406 128.751465 94.489372 146.582214
140.448303 134.714706 78.107071 152.740341
150.299698 138.122055 86.898979 155.756058
312.284271 139.180069 252.108185 157.279556
312.284271 139.180069 252.108185 157.279556
118.984535 163.170364 54.763119 180.531357
99.965691 164.971680 38.384514 182.724304
70.985619 167.415298 14.034204 186.341202
252.652390 178.630371 191.296692 196.424728
260.508545 181.697617 198.943985 199.403992
94.904121 185.130814 31.562429 202.578461
295.540466 194.625977 233.526474 212.063995
295.540466 194.625977 233.526474 212.063995
302.414886 202.726151 240.844986 220.041229
274.852783 215.686081 217.833221 233.464874
140.263184 219.421310 73.768341 235.929276
366.117096 252.462418 323.014526 271.925659
393.467499 264.861053 352.040131 284.474426
432.595490 274.751801 402.721008 295.707520
203.981476 284.108765 142.355377 300.954468
254.965439 310.774567 194.922318 327.606445
254.965439 310.774567 194.922318 327.606445
159.029312 318.023773 99.070114 334.979431
86.793297 333.815063 38.641956 352.364075
86.793297 333.815063 38.641956 352.364075
204.706848 377.546967 152.946182 394.680206
444.106049 406.626190 426.984283 428.835510
456.963715 414.306305 440.843994 436.652557
397.966858 420.652161 378.151733 442.542358
380.544159 423.605743 362.072205 445.394745
395.851807 431.237183 375.924774 452.961395
433.647339 607.190002 437.309143 631.790161
463.430084 641.569824 463.880524 665.578064
463.430084 641.569824 463.880524 665.578064
443.522125 651.290955 442.927002 674.567749
451.500122 667.691711 448.496643 690.946472
139.051682 85.405151 85.260094 105.095001
139.051682 85.405151 85.260094 105.095001
169.797607 96.739983 113.666504 115.528938
106.966492 108.031975 52.374226 127.017540
161.700714 119.013519 100.432007 137.362411
215.534393 118.599403 158.801819 137.987167
214.336823 125.380676 155.836960 144.302475
143.663712 139.607391 80.249359 157.505569
143.663712 139.607391 80.249359 157.505569
98.830597 150.323898 39.483601 168.472733
127.382187 162.354599 62.331455 179.724823
65.664696 165.467300 9.868090 183.771484
65.664696 165.467300 9.868090 183.771484
126.871666 169.730698 61.077515 186.978790
104.484390 180.044189 40.186844 197.243057
87.935333 185.139313 25.724630 202.503296
69.118599 186.123535 10.930681 204.282410
295.576263 194.659973 233.526474 212.063995
295.576263 194.659973 233.526474 212.063995
266.638031 213.369293 209.132202 231.135605
366.432343 223.290756 320.522125 242.691223
385.804077 239.364410 340.816711 258.795929
215.501312 276.945953 153.791565 294.115112
215.501312 276.945953 153.791565 294.115112
86.974663 313.595154 37.761360 331.819611
197.594971 344.757111 144.897568 362.532166
182.642242 346.008789 127.173813 363.422150
182.642242 346.008789 127.173813 363.422150
177.781982 362.226257 124.678749 379.907074
137.362305 369.373657 85.380737 386.910614
149.271713 372.005768 96.235260 389.644775
149.271713 372.005768 96.235260 389.644775
454.744568 397.827698 437.185516 420.033600
462.124115 454.046021 450.070831 476.868256
454.883820 470.194366 440.149933 492.469360
346.593384 527.082825 345.817993 550.263000
447.404694 612.113708 450.072540 635.917603
413.210297 640.613037 414.075958 664.370300
222.707916 19.584194 194.490982 43.148399
174.204483 101.066254 116.913185 120.322411
115.501968 127.353897 57.512955 146.214737
97.877266 131.065216 41.777386 149.407379
89.571434 132.617981 34.810371 150.643005
129.921997 135.470428 68.618813 154.217072
123.877907 138.043594 63.572330 156.459290
149.355576 142.825012 85.435722 161.243881
133.232498 167.365921 67.532845 184.708298
259.154205 168.343475 196.678131 185.911652
74.334290 177.913681 16.008677 196.128479
327.710724 186.631531 267.080963 204.173492
356.932587 219.827194 310.253448 239.074707
138.430801 225.120529 72.471252 242.167236
398.657623 259.756744 358.120239 279.166840
81.289040 312.013275 33.625027 329.625122
403.549957 346.894287 375.519653 367.857330
299.872772 355.873322 253.870972 374.355225
183.431976 364.620728 131.141388 382.339478
449.730621 374.781555 429.618561 396.666260
128.672775 403.683502 79.743385 421.252197
128.672775 403.683502 79.743385 421.252197
405.767456 405.565308 386.912598 426.760223
441.746094 413.205688 425.533386 435.376221
79.134163 507.097900 27.641066 523.661621
444.214783 617.313110 447.219177 641.914307
95.429253 154.408325 35.438183 173.651077
221.472549 163.185806 159.052704 181.356476
230.731247 167.851120 170.556564 185.787704
135.599930 179.166336 68.045456 196.121521
284.736481 178.814560 221.909134 196.159637
281.326935 217.541046 225.570251 235.682510
101.006752 299.410126 47.777126 317.638763
236.094604 315.713867 175.076523 332.313751
218.864792 318.665619 157.721970 336.017487
249.251755 324.971222 189.182770 341.759003
96.185143 332.047760 45.075413 350.460846
392.500549 332.047607 363.143738 352.986053
403.549957 346.894287 375.519653 367.857330
162.355560 354.678101 106.032860 371.308319
169.531601 374.894348 116.224747 393.087982
199.834244 490.076813 151.326157 507.698761
425.983704 597.465393 429.683868 621.730347
99.467850 99.685890 46.817825 119.262413
156.452011 111.617699 96.957680 130.389801
147.238907 121.489525 86.212555 139.361115
217.278809 137.152298 157.435196 155.439682
102.744263 140.162903 43.747139 158.920059
230.043243 157.281693 169.606461 175.200409
304.107025 194.500107 242.313614 212.037659
259.363739 209.173264 201.571991 226.878540
132.818161 216.969406 65.085663 233.758713
208.709793 219.679138 147.758743 236.668076
386.337616 247.526566 346.143799 266.257874
397.176697 409.879395 377.730499 431.902008
396.838287 461.768219 379.270294 484.270203
404.695679 580.514893 410.999084 604.826721
133.685349 133.642776 71.671303 150.934616
150.040787 132.917252 87.796211 150.685196
150.040787 132.917252 87.796211 150.685196
228.049210 133.305267 168.937164 152.812515
324.223480 196.685165 265.918762 214.750641
324.223480 196.685165 265.918762 214.750641
409.540802 263.962219 371.221466 284.283234
151.882141 314.068207 92.273666 331.790131
157.437546 345.450562 100.808861 362.462646
157.437546 345.450562 100.808861 362.462646
130.073853 433.502716 81.555962 452.921326
206.851791 434.361206 154.056503 450.881256
194.325806 512.355835 148.653122 528.949280
93.288551 113.154144 38.417000 132.181778
314.485962 182.398102 252.880051 200.608749
314.485962 182.398102 252.880051 200.608749
94.962799 192.758499 31.129868 210.067673
259.843842 192.895813 199.506882 209.770752
252.986221 209.750000 195.779175 227.019989
387.919525 247.171631 346.143799 266.257874
209.263794 502.253235 162.854660 520.148682
209.263794 502.253235 162.854660 520.148682
289.357239 501.530457 248.657272 518.814453
261.971069 538.165649 218.185211 555.890198
165.393661 93.009880 109.953094 111.922256
136.604095 103.385605 80.553337 121.973541
181.649933 107.122025 123.900375 127.478241
110.110641 128.983627 52.586830 148.007996
282.063141 233.929718 225.124481 248.247803
412.986694 359.689453 386.919708 381.312683
248.756836 467.806122 194.985428 485.162689
197.353226 475.931213 149.000595 493.108978
218.003098 541.036560 174.158447 558.791443
381.045532 189.910324 334.625549 209.391724
282.338165 235.040848 225.124481 248.247803
427.190002 557.771240 433.639130 581.142273
154.313263 198.781113 85.221161 218.142578
239.787323 212.846634 178.375214 230.590103
213.806488 343.964264 158.632095 360.096832
339.494232 346.766205 302.292664 370.572327
381.915710 353.858429 353.557037 369.189575
381.915710 353.858429 353.557037 369.189575
135.899246 292.836426 81.919144 308.226013
130.783783 360.066071 80.781670 376.356720
182.347092 408.486664 127.992462 428.839050
258.155640 274.807922 199.337479 290.931946
347.088745 224.848068 292.345825 229.765427
294.535339 402.108521 251.891144 418.316193
