158.889404 86.431976 120.794350 124.852486
145.089600 88.052292 107.412865 126.412926
129.755066 90.784958 93.258232 128.876923
153.175781 110.921021 109.318634 148.161606
50.144234 129.980530 20.560423 168.633881
139.895111 149.238892 87.274399 184.661194
339.281708 150.355103 293.273407 186.981781
367.530029 173.667801 326.678711 211.065033
327.135071 181.794052 276.855988 217.948593
302.703735 185.691071 251.211258 221.037354
174.695374 205.324738 114.501755 239.586563
398.888092 232.023941 371.578705 270.983093
313.567078 239.734009 276.833923 277.229126
401.342560 241.326050 376.981293 280.299896
415.982819 245.356155 397.484222 285.751038
415.982819 245.356155 397.484222 285.751038
440.553040 281.734283 437.413330 323.944275
437.566864 289.393005 436.132111 331.706299
133.167450 303.891327 89.460236 339.085022
426.763123 326.178009 422.559814 367.688354
286.431488 344.635254 255.399063 382.066833
431.910339 374.370605 435.657288 416.910675
405.032990 395.324738 415.303009 438.798035
390.935242 414.672302 400.808289 457.790253
138.254745 422.320526 106.080742 458.137604
391.951721 424.309479 401.167175 467.522217
395.488220 439.249817 404.723328 482.354156
398.276215 439.805481 407.240967 483.036987
409.883026 459.344574 419.596771 502.503906
332.385254 574.427673 368.094604 620.384888
394.115265 634.292542 436.311737 681.433411
136.432068 81.109573 101.790459 120.036133
178.998352 85.790314 142.358673 124.218964
164.896744 88.565971 126.569084 126.933418
164.896744 88.565971 126.569084 126.933418
152.185120 89.784172 114.025772 127.866631
182.148468 89.582680 144.031448 127.958244
106.666473 92.519623 73.199097 130.973373
129.962585 98.879227 90.876396 136.892670
125.769005 101.470924 86.938156 139.475418
135.931061 116.812889 92.491631 153.812820
130.389633 118.522278 87.823029 155.487045
130.389633 118.522278 87.823029 155.487045
90.872719 119.792374 53.796036 157.800995
115.176956 121.876175 74.197151 158.931580
115.176956 121.876175 74.197151 158.931580
119.236694 122.149101 77.652962 159.291290
119.236694 122.149101 77.652962 159.291290
121.034309 125.801956 78.794800 162.584045
68.706390 128.161835 35.357944 166.377487
94.015564 128.530945 55.400539 165.924133
160.506042 130.234024 110.115723 166.541534
104.018707 148.540619 59.294472 184.954941
295.627899 165.507950 242.844803 201.019180
143.134750 166.828583 87.156662 201.704605
236.173126 170.480026 188.539993 206.616287
68.842972 172.711914 28.017298 209.631195
372.906830 173.778000 333.985077 211.477219
253.854279 182.408783 205.035095 218.220001
80.966446 188.405304 34.039249 224.449982
67.958191 195.294754 23.894270 231.378448
112.322937 197.456024 57.266560 231.698166
112.322937 197.456024 57.266560 231.698166
306.660858 200.950439 256.253967 236.648712
306.559479 204.430237 256.823212 240.186417
166.274857 208.993332 107.168938 243.002823
388.214478 262.415710 365.535675 301.892975
389.470795 266.139618 367.170441 305.388519
137.065994 295.709076 92.899635 331.083771
135.391235 299.295319 91.303772 334.572815
265.229553 367.857574 246.902267 428.542053
157.994263 372.569580 120.415337 408.131226
157.994263 372.569580 120.415337 408.131226
441.087158 384.523773 449.247467 427.948212
31.744471 392.626831 26.573463 431.911713
389.141235 401.469269 399.564545 445.119507
326.628113 407.474762 302.630646 445.560425
378.917633 438.255096 391.948517 481.496490
411.935974 464.434448 422.123230 507.782104
343.787476 591.738647 382.732117 637.999634
327.297485 593.589966 363.629364 639.496887
327.297485 593.589966 363.629364 639.496887
338.730225 96.690987 315.373749 137.440521
108.023361 98.988480 72.513458 137.606064
132.667694 121.713684 89.490364 158.061844
150.299698 138.122055 99.532593 173.618988
312.284271 139.180069 263.788757 175.701614
312.284271 139.180069 263.788757 175.701614
118.984535 163.170364 67.075890 198.298019
124.345070 174.292862 69.694191 209.413528
124.345070 174.292862 69.694191 209.413528
252.652390 178.630371 203.204193 214.646118
260.508545 181.697617 210.682510 217.577835
94.904121 185.130814 44.656769 220.255203
295.540466 194.625977 244.508163 230.188370
295.540466 194.625977 244.508163 230.188370
302.414886 202.726151 251.760635 238.390167
140.263184 219.421310 84.236465 253.395920
366.117096 252.462418 341.994385 291.689545
432.595490 274.751801 427.002350 316.439697
441.632355 302.154083 443.503113 344.886780
254.965439 310.774567 206.540314 345.617859
159.029312 318.023773 111.607475 352.532837
98.011345 387.576874 71.470673 424.046692
444.106049 406.626190 457.007996 450.684479
397.966858 420.652161 407.111816 464.028137
380.544159 423.605743 392.022705 466.821808
395.851807 431.237183 404.858063 474.275055
328.737885 552.901917 362.380249 598.584961
139.051682 85.405151 102.976036 124.180855
139.051682 85.405151 102.976036 124.180855
106.966492 108.031975 69.797447 145.712799
93.857391 123.535553 55.785118 161.155807
143.663712 139.607391 92.985138 175.428513
127.382187 162.354599 73.901779 197.644470
126.871666 169.730698 72.488853 204.719894
104.484390 180.044189 52.532665 215.042480
87.935333 185.139313 38.872097 220.521851
295.576263 194.659973 244.508163 230.188370
295.576263 194.659973 244.508163 230.188370
266.638031 213.369293 222.295578 249.576599
366.432343 223.290756 338.097626 262.137238
385.804077 239.364410 358.472534 278.307953
215.501312 276.945953 165.330521 311.893616
215.501312 276.945953 165.330521 311.893616
197.594971 344.757111 160.771576 380.918152
182.642242 346.008789 141.377640 381.451111
177.781982 362.226257 140.538132 397.945129
137.362305 369.373657 102.113853 405.125244
149.271713 372.005768 112.412308 407.721771
149.271713 372.005768 112.412308 407.721771
346.593384 527.082825 383.988647 572.562378
115.501968 127.353897 73.053162 164.587646
129.921997 135.470428 82.204636 172.930939
149.355576 142.825012 97.317894 179.357285
133.232498 167.365921 78.782890 202.432785
259.154205 168.343475 208.178604 204.203217
249.765869 172.304855 200.167709 208.316132
74.334290 177.913681 31.505585 214.395676
327.710724 186.631531 278.441040 222.583344
356.932587 219.827194 327.915680 258.500031
138.430801 225.120529 83.333916 259.635284
378.613617 229.683014 350.876282 268.930542
398.657623 259.756744 378.129669 298.845306
238.951996 305.324402 189.174942 340.034607
244.799622 311.822388 195.456436 346.719604
403.549957 346.894287 400.989410 388.778259
183.431976 364.620728 147.196808 400.667664
128.672775 403.683502 97.796257 439.512451
128.672775 403.683502 97.796257 439.512451
405.767456 405.565308 416.139923 448.717560
441.746094 413.205688 455.558746 457.226074
297.093781 164.522629 244.530838 200.464523
297.093781 164.522629 244.530838 200.464523
230.731247 167.851120 183.345337 204.022232
284.736481 178.814560 232.465408 214.281754
236.094604 315.713867 186.505234 350.074554
218.864792 318.665619 169.163620 353.547516
249.251755 324.971222 200.837845 359.587189
392.500549 332.047607 388.322083 373.670837
403.549957 346.894287 400.989410 388.778259
169.531601 374.894348 132.147369 411.229919
99.467850 99.685890 65.490318 138.028336
125.203712 110.489243 84.739471 147.832169
156.452011 111.617699 110.754448 148.884796
147.238907 121.489525 100.050285 157.553009
217.278809 137.152298 170.673309 173.156387
102.744263 140.162903 59.857708 177.068344
304.107025 194.500107 252.974747 229.967209
132.818161 216.969406 75.884674 251.256516
208.709793 219.679138 160.378494 254.957489
386.337616 247.526566 365.398926 285.846832
397.176697 409.879395 406.940704 453.272186
150.040787 132.917252 100.910164 168.771240
150.040787 132.917252 100.910164 168.771240
228.049210 133.305267 182.760590 170.969208
324.223480 196.685165 278.235199 233.325562
151.882141 314.068207 105.078316 349.692291
157.437546 345.450562 114.869827 380.403809
157.437546 345.450562 114.869827 380.403809
130.073853 433.502716 99.687599 471.486786
206.851791 434.361206 169.474976 468.770447
194.325806 512.355835 167.875931 548.346619
93.288551 113.154144 56.064053 150.907410
314.485962 182.398102 263.822083 218.470001
314.485962 182.398102 263.822083 218.470001
94.962799 192.758499 43.944244 228.056686
259.843842 192.895813 211.591919 228.013123
259.843842 192.895813 211.591919 228.013123
252.986221 209.750000 208.294159 245.696274
387.919525 247.171631 365.398926 285.846832
199.026321 309.622925 148.811203 344.150940
209.263794 502.253235 183.052780 539.436096
209.263794 502.253235 183.052780 539.436096
261.971069 538.165649 236.175919 574.719421
110.110641 128.983627 68.481674 166.042450
110.110641 128.983627 68.481674 166.042450
297.703583 217.772202 259.097137 256.061829
412.986694 359.689453 413.305359 402.472198
197.353226 475.931213 164.722809 510.948059
272.287811 170.736069 220.023560 208.020737
24.838549 405.643433 19.853573 444.499023
239.787323 212.846634 191.586411 249.477249
415.944305 314.260162 414.415833 358.424957
381.915710 353.858429 379.376221 387.950775
135.899246 292.836426 97.516403 326.064423
182.347092 408.486664 143.574005 446.245087
258.155640 274.807922 212.509918 309.442657
347.088745 224.848068 312.123993 251.573151
