227.344696 46.334061 255.389908 67.494331
140.776321 55.657063 170.093216 76.385674
118.274979 87.982315 137.505188 107.427910
88.259071 88.745331 108.035355 108.162910
84.220802 91.169502 103.877953 110.402222
141.856827 95.639442 160.073303 115.054459
278.272430 99.981598 299.274506 120.240891
103.898193 105.969803 120.794350 124.852486
90.413055 107.544540 107.412865 126.412926
120.620918 108.828911 137.377747 127.382942
127.433784 109.094429 144.031448 127.958244
75.548203 110.061447 93.258232 128.876923
304.016907 110.658325 326.244476 131.101501
304.016907 110.658325 326.244476 131.101501
77.263557 112.089386 94.613792 131.038498
110.755196 112.102585 127.106934 131.086044
110.755196 112.102585 127.106934 131.086044
138.144333 117.056290 153.922150 136.158493
113.569038 117.567070 129.702225 135.943665
74.020020 118.157967 90.876396 136.892670
349.865753 118.264801 379.125641 139.753555
152.364594 126.732712 168.267532 145.689056
152.364594 126.732712 168.267532 145.689056
94.492867 129.678986 109.318634 148.161606
94.492867 129.678986 109.318634 148.161606
154.251541 131.050644 169.616394 150.045517
154.251541 131.050644 169.616394 150.045517
51.267742 135.144547 68.026939 153.985687
72.528740 136.977966 87.823029 155.487045
72.528740 136.977966 87.823029 155.487045
152.459076 137.864609 167.068527 156.354721
324.734375 141.660507 346.713318 161.978104
324.734375 141.660507 346.713318 161.978104
62.946712 144.432770 78.794800 162.584045
27.342350 144.954697 45.450413 163.784744
38.327179 147.525360 55.400539 165.924133
28.048275 157.878738 45.584465 176.442825
61.585754 163.731918 74.720413 182.180801
61.585754 163.731918 74.720413 182.180801
44.069401 166.783447 59.294472 184.954941
75.352043 166.847748 87.274399 184.661194
404.362549 167.192078 438.474548 189.456665
37.191986 175.252945 51.801739 193.481293
57.577606 176.929199 69.761986 194.936691
353.061401 180.068527 371.765717 200.135422
350.554291 181.358917 368.793854 201.447769
58.029110 182.614044 69.835350 200.493286
415.955231 189.477097 451.584900 212.103943
258.932953 197.303741 270.132355 215.803467
282.269989 198.427124 293.647400 216.948395
31.036489 199.212982 44.562443 216.926544
265.518951 199.640213 276.855988 217.948593
18.777330 202.993774 33.019245 221.316437
19.798586 206.413025 34.039249 224.449982
298.713745 206.853378 311.263916 225.386230
45.996441 214.162354 57.266560 231.698166
45.996441 214.162354 57.266560 231.698166
318.201019 213.838135 332.269379 233.145096
218.502365 215.381683 229.575119 233.194519
38.582802 216.637131 49.914207 234.444016
30.066566 219.942902 42.367592 237.466217
353.607819 251.224625 371.578705 270.983093
412.399078 303.069824 437.413330 323.944275
410.604492 310.732056 436.132111 331.706299
307.221924 344.959045 329.651367 364.925781
397.987000 347.089752 422.559814 367.688354
267.486023 347.935181 282.617950 366.876282
309.860474 355.113770 332.103790 375.154602
129.113647 360.150604 143.957565 378.412994
316.048584 360.236694 338.634918 380.204895
350.078644 359.871277 375.760101 380.574402
238.523041 363.083435 255.399063 382.066833
236.478134 365.128815 253.374573 383.958160
236.478134 365.128815 253.374573 383.958160
83.560051 367.171021 98.744629 385.118042
274.965271 387.624084 294.107208 407.005554
121.858833 399.568817 138.412537 417.636047
365.274963 400.351929 394.654053 421.702850
382.462158 421.930786 411.988525 443.345001
370.007568 423.625916 399.564545 445.119507
371.727234 436.328247 400.808289 457.790253
224.890610 441.307922 239.392380 459.594177
224.890610 441.307922 239.392380 459.594177
375.977234 455.981598 404.823883 477.643738
375.977234 455.981598 404.823883 477.643738
289.272614 459.686279 308.823517 479.252197
375.734253 461.042236 404.723328 482.354156
378.472443 461.607819 407.240967 483.036987
376.046570 465.999664 405.049744 487.329010
390.757721 481.173798 419.596771 502.503906
326.265747 540.017090 362.972504 562.432373
337.026825 542.416260 374.337158 564.861633
269.707703 567.953003 292.269043 587.948364
397.298737 658.415588 436.311737 681.433411
133.932983 61.031689 161.111374 81.812958
136.269379 71.736229 160.614792 92.380173
92.483505 83.176323 113.022476 102.659752
92.483505 83.176323 113.022476 102.659752
147.388031 85.540916 169.708038 105.442108
83.751846 100.841164 101.790459 120.036133
83.751846 100.841164 101.790459 120.036133
103.008286 102.383041 120.255928 121.374138
129.564423 102.222809 147.195770 121.267662
137.104126 103.983154 154.441086 123.046501
125.226532 105.282059 142.358673 124.218964
155.973984 107.073715 174.606552 126.582611
109.889954 108.064301 126.569084 126.933418
109.889954 108.064301 126.569084 126.933418
97.039757 109.055313 114.025772 127.866631
69.984093 120.724930 86.938156 139.475418
99.410675 132.857712 113.464653 151.403000
77.129570 135.565399 92.491631 153.812820
387.971008 136.870041 422.767548 159.439255
36.372234 138.972839 53.796036 157.800995
74.335335 139.761398 89.490364 158.061844
57.817810 140.968460 74.197151 158.931580
57.817810 140.968460 74.197151 158.931580
61.733910 140.920609 77.652962 159.291290
61.733910 140.920609 77.652962 159.291290
16.266420 147.580917 35.357944 166.377487
389.453430 147.691467 424.311859 170.534470
97.664337 148.258926 110.115723 166.541534
86.898979 155.756058 99.532593 173.618988
31.312183 156.503632 48.484970 174.911392
399.344818 156.336746 433.618805 178.538635
58.819107 162.188766 72.856224 180.043518
400.758514 166.691650 434.295013 189.213791
42.968678 169.963562 57.682007 188.184464
57.701191 170.517059 70.654419 188.384552
358.113770 175.552353 378.617493 195.763199
389.008759 179.616409 418.476227 201.201843
54.763119 180.531357 67.075890 198.298019
165.153168 181.627716 177.701218 199.909103
38.384514 182.724304 52.247643 200.530228
76.479958 184.005936 87.156662 201.704605
14.034204 186.341202 30.489841 205.222412
248.121033 189.371292 258.765808 207.677780
11.660266 191.222412 28.017298 209.631195
332.652527 191.518967 348.186218 210.981293
313.162598 192.130585 326.678711 211.065033
413.185486 194.216476 448.683044 216.789917
321.582123 195.625839 335.817841 214.896484
360.230591 196.003448 380.512451 216.136597
192.979416 200.177246 205.035095 218.220001
240.607162 202.770081 251.211258 221.037354
262.283783 206.379898 273.484772 224.733597
353.009644 211.190994 373.159546 231.463776
8.780818 213.231628 23.894270 231.378448
8.780818 213.231628 23.894270 231.378448
124.405785 215.792755 133.800079 233.348694
245.418610 218.287247 256.253967 236.648712
245.749710 221.936264 256.823212 240.186417
98.139450 225.454010 107.168938 243.002823
47.754253 245.571671 59.971233 263.157562
358.321838 260.728088 376.981293 280.299896
325.507538 263.522736 344.250488 283.392212
346.340302 282.023773 365.535675 301.892975
347.799713 285.565063 367.170441 305.388519
374.447083 295.263702 396.766907 315.641815
324.074860 295.962036 347.621796 316.376770
142.882950 297.084137 154.644348 314.884186
414.513550 300.607391 439.763763 321.839172
317.638000 307.588348 341.397552 328.093750
423.723969 310.547943 449.627472 331.626099
77.421623 316.702332 91.303772 334.572815
283.995453 343.115936 300.863831 362.280853
346.840668 351.564850 372.264832 372.197968
343.504211 353.277313 369.445709 374.385681
343.504211 353.277313 369.445709 374.385681
341.390350 355.938568 367.260864 376.458374
13.203886 360.900818 37.763069 379.793549
104.688805 390.056152 120.415337 408.131226
104.688805 390.056152 120.415337 408.131226
110.050270 392.215363 125.839577 410.342285
152.946182 394.680206 168.780304 412.812256
354.051849 395.036987 383.717804 416.444885
423.388184 399.076324 451.371216 420.439819
423.388184 399.076324 451.371216 420.439819
420.882843 406.531769 449.247467 427.948212
375.554840 431.023376 404.774261 452.289124
261.913422 433.177856 279.276001 452.300720
261.913422 433.177856 279.276001 452.300720
81.119972 465.502777 99.930931 483.826477
176.917389 465.419403 188.785950 483.144745
302.431091 474.642517 324.106903 494.305847
398.630402 569.965576 442.424164 593.731506
344.146179 615.460693 382.732117 637.999634
52.273064 637.598572 123.546356 663.505981
252.116501 653.095764 290.746033 675.105469
418.893127 655.673584 457.309357 678.701599
418.893127 655.673584 457.309357 678.701599
249.822220 49.338203 277.129181 70.274254
139.308960 58.879959 167.467712 79.373695
81.811646 93.296928 100.995674 112.793404
75.993164 104.273293 94.474503 123.266754
93.383560 112.631332 109.810883 131.340881
127.548347 113.152664 143.627396 132.227875
309.427826 113.417252 331.763184 133.796600
295.343018 117.324669 315.373749 137.440521
59.276955 117.802666 77.107521 136.724823
54.519501 118.713829 72.513458 137.606064
89.344872 118.348251 105.350327 137.025238
90.974319 139.397888 104.605064 157.746201
331.737793 140.811081 354.305481 161.192459
43.708317 141.237473 60.964184 159.564621
38.403648 142.577972 55.785118 161.155807
39.741135 151.840668 56.160225 170.461441
39.741135 151.840668 56.160225 170.461441
78.107071 152.740341 91.332603 170.506012
252.108185 157.279556 263.788757 175.701614
252.108185 157.279556 263.788757 175.701614
39.483601 168.472733 54.466003 187.054916
24.816559 169.383469 41.396496 187.876877
409.571136 176.511612 443.964783 198.983887
50.189297 180.103714 62.926544 198.054840
9.868090 183.771484 27.020815 202.080566
307.235992 185.450287 320.414246 204.250671
307.257568 190.266815 320.644012 209.123138
319.720459 192.371460 333.985077 211.477219
191.296692 196.424728 203.204193 214.646118
40.186844 197.243057 52.532665 215.042480
341.600555 197.952316 358.032867 217.283432
198.943985 199.403992 210.682510 217.577835
25.724630 202.503296 38.872097 220.521851
31.562429 202.578461 44.656769 220.255203
132.799271 207.223633 142.203522 224.977478
319.081299 210.093719 334.279907 229.124268
240.844986 220.041229 251.760635 238.390167
217.833221 233.464874 231.460495 252.222336
73.768341 235.929276 84.236465 253.395920
73.768341 235.929276 84.236465 253.395920
9.376469 236.495407 24.079487 254.506256
5.841887 239.167603 20.990305 257.249634
376.086304 262.147400 396.074738 282.305450
323.014526 271.925659 341.994385 291.689545
329.474152 274.870270 348.319122 294.694519
402.721008 295.707520 427.002350 316.439697
402.721008 295.707520 427.002350 316.439697
142.355377 300.954468 154.073746 318.908081
333.277222 309.251801 357.468842 329.862671
78.694748 312.959686 92.899635 331.083771
194.922318 327.606445 206.540314 345.617859
33.625027 329.625122 53.558758 347.960327
29.773794 334.558563 50.840443 353.356964
99.070114 334.979431 111.607475 352.532837
337.929230 349.696350 363.891663 370.442688
85.380737 386.910614 102.113853 405.125244
418.812836 391.169220 446.073151 412.648346
426.984283 428.835510 457.007996 450.684479
378.151733 442.542358 407.111816 464.028137
362.072205 445.394745 392.022705 466.821808
375.924774 452.961395 404.858063 474.275055
357.998230 459.283813 388.851746 480.662292
231.767105 514.005920 250.299469 532.569458
290.957397 595.626160 326.455261 618.450562
340.474426 609.427002 378.612366 631.929626
28.918913 628.567078 102.300240 654.506042
85.260094 105.095001 102.976036 124.180855
85.260094 105.095001 102.976036 124.180855
127.012451 107.532639 143.714050 126.627945
113.666504 115.528938 130.036453 134.080078
356.759064 124.649742 387.346954 146.553589
52.374226 127.017540 69.797447 145.712799
286.117249 135.455978 304.166260 155.142639
139.101379 136.279221 152.987442 154.559845
311.582306 135.547348 332.771301 155.456619
100.432007 137.362411 113.208527 155.622116
38.297668 142.587891 55.785118 161.155807
85.600433 144.690582 98.932175 162.746658
34.810371 150.643005 52.433880 168.639587
68.618813 154.217072 82.204636 172.930939
63.572330 156.459290 77.780739 174.740433
80.249359 157.505569 92.985138 175.428513
80.249359 157.505569 92.985138 175.428513
142.376984 170.522354 152.894409 188.129623
62.331455 179.724823 73.901779 197.644470
421.128113 181.300201 456.808258 204.105759
307.239807 185.224808 320.414246 204.250671
344.752167 184.868164 362.017090 204.642120
61.077515 186.978790 72.488853 204.719894
188.085342 190.027481 200.167709 208.316132
365.993591 192.852356 387.055115 213.357834
365.993591 192.852356 387.055115 213.357834
354.885712 195.198212 374.062866 215.250198
354.885712 195.198212 374.062866 215.250198
414.424072 198.685425 450.166473 221.327438
338.820312 203.515228 355.597168 223.144531
10.930681 204.282410 26.579462 222.361465
305.515686 207.752029 319.095978 226.591858
305.515686 207.752029 319.095978 226.591858
233.526474 212.063995 244.508163 230.188370
233.526474 212.063995 244.508163 230.188370
132.884567 213.766205 143.223038 230.572937
320.522125 242.691223 338.097626 262.137238
340.816711 258.795929 358.472534 278.307953
361.674835 270.051331 381.283356 289.879639
153.791565 294.115112 165.330521 311.893616
29.029997 326.789368 50.064850 345.401611
241.173798 326.582947 254.470367 345.035522
66.229057 351.200134 81.179878 368.990784
13.379175 355.939941 37.390236 375.024139
127.173813 363.422150 141.377640 381.451111
127.173813 363.422150 141.377640 381.451111
368.967316 370.895142 394.563568 391.802307
124.678749 379.907074 140.538132 397.945129
96.235260 389.644775 112.412308 407.721771
96.235260 389.644775 112.412308 407.721771
109.004494 416.432739 125.742912 434.475098
225.143005 434.409729 239.878204 452.979645
222.980301 468.274292 234.942596 486.340118
331.036133 505.260651 367.158936 527.680054
303.644257 545.268799 338.312775 566.723816
289.226746 573.061584 323.751526 594.863037
297.833710 594.375000 334.301331 616.299561
265.354218 648.607788 303.832825 670.679138
108.686821 103.890739 125.682442 123.372757
137.959808 114.224861 154.482635 133.161301
137.959808 114.224861 154.482635 133.161301
130.784805 118.901947 146.713394 137.555710
95.415298 120.868530 111.046440 139.727249
158.801819 137.987167 173.434402 156.728088
57.512955 146.214737 73.053162 164.587646
84.341202 151.092651 97.083878 169.163132
85.435722 161.243881 97.317894 179.357285
382.861938 174.268936 410.645142 195.722092
67.532845 184.708298 78.782890 202.432785
54.173065 186.503006 66.131905 204.238617
196.678131 185.911652 208.178604 204.203217
351.233643 188.691299 369.813171 208.466446
16.008677 196.128479 31.505585 214.395676
221.909134 196.159637 232.465408 214.281754
274.537079 198.747833 285.219391 217.164108
267.080963 204.173492 278.441040 222.583344
255.734818 225.295074 267.141937 243.634369
228.868286 227.937241 242.285736 246.790863
209.132202 231.135605 222.295578 249.576599
52.766426 232.016968 63.812340 249.537186
202.508652 235.753876 215.608322 254.228134
310.253448 239.074707 327.915680 258.500031
358.120239 279.166840 378.129669 298.845306
421.091827 300.455048 446.373474 321.662170
321.392395 346.078674 345.503143 366.513031
45.075413 350.460846 63.082790 368.990509
45.075413 350.460846 63.082790 368.990509
144.897568 362.532166 160.771576 380.918152
375.519653 367.857330 400.989410 388.778259
253.870972 374.355225 271.679413 393.467896
222.888199 381.013184 239.777344 399.819641
219.236649 387.242676 235.250259 405.782837
219.236649 387.242676 235.250259 405.782837
157.827744 393.296356 172.910614 411.259033
227.014465 392.611511 243.309113 411.469269
225.082916 412.174011 240.214005 430.550415
6.289460 413.963623 33.133659 432.770081
79.743385 421.252197 97.796257 439.512451
79.743385 421.252197 97.796257 439.512451
425.533386 435.376221 455.558746 457.226074
366.895325 455.313995 396.565796 476.695770
226.895264 472.834045 240.925064 491.853729
375.672180 472.752289 405.011932 493.993011
162.705627 492.344177 178.762482 510.565826
162.705627 492.344177 178.762482 510.565826
158.507767 502.264893 174.817245 520.199280
345.817993 550.263000 383.988647 572.562378
46.817825 119.262413 65.490318 138.028336
68.562904 129.347717 84.739471 147.832169
390.311188 141.725998 425.311005 164.269943
390.311188 141.725998 425.311005 164.269943
43.747139 158.920059 59.857708 177.068344
178.693802 165.718307 191.255783 183.956238
170.556564 185.787704 183.345337 204.022232
400.151398 191.968155 432.250885 213.985901
208.073441 219.312622 221.395004 238.178268
225.570251 235.682510 239.175018 254.673325
300.506012 235.039871 318.266815 254.646790
72.471252 242.167236 83.333916 259.635284
333.051758 249.026276 350.876282 268.930542
19.591690 274.365234 36.110615 292.380005
19.591690 274.365234 36.110615 292.380005
348.721710 281.641968 367.942230 301.281403
47.777126 317.638763 65.210129 335.575714
422.269348 318.518616 448.617188 339.432434
351.817963 327.808380 376.351837 348.571716
175.076523 332.313751 186.505234 350.074554
189.182770 341.759003 200.837845 359.587189
363.143738 352.986053 388.322083 373.670837
131.141388 382.339478 147.196808 400.667664
116.224747 393.087982 132.147369 411.229919
125.740379 393.917480 141.896118 412.258881
391.543457 407.942780 419.942841 429.442413
386.912598 426.760223 416.139923 448.717560
379.270294 484.270203 408.854950 505.514130
357.815643 563.409607 397.175568 586.242371
284.425507 626.232544 321.597290 648.374817
127.786148 88.848366 147.627838 107.172401
63.559387 120.012596 81.012459 138.547409
68.572876 129.363586 84.739471 147.832169
96.957680 130.389801 110.754448 148.884796
86.212555 139.361115 100.050285 157.553009
87.796211 150.685196 100.910164 168.771240
87.796211 150.685196 100.910164 168.771240
157.435196 155.439682 170.673309 173.156387
411.235992 188.428253 446.187103 210.925156
242.313614 212.037659 252.974747 229.967209
305.017639 222.841949 322.807159 242.123871
65.085663 233.758713 75.884674 251.256516
147.758743 236.668076 160.378494 254.957489
326.049347 254.192078 344.278625 273.921509
326.757019 268.983826 345.723907 288.584839
326.757019 268.983826 345.723907 288.584839
305.714935 269.856537 325.125214 290.149719
227.014481 327.473694 239.843307 344.481720
92.273666 331.790131 105.078316 349.692291
157.721970 336.017487 169.163620 353.547516
284.290253 337.290039 302.483826 356.573700
377.730499 431.902008 406.940704 453.272186
84.360748 470.050415 103.047012 488.049164
249.821396 503.806122 268.325836 523.291626
144.175003 514.513428 161.693909 533.226562
144.175003 514.513428 161.693909 533.226562
71.671303 150.934616 85.252480 169.296051
168.937164 152.812515 182.760590 170.969208
169.606461 175.200409 182.472702 193.496368
159.052704 181.356476 170.866302 199.880875
43.973770 187.014038 56.864685 205.047043
199.506882 209.770752 211.591919 228.013123
265.918762 214.750641 278.235199 233.325562
346.143799 266.257874 365.398926 285.846832
371.221466 284.283234 392.249084 304.471252
100.808861 362.462646 114.869827 380.403809
100.808861 362.462646 114.869827 380.403809
351.663940 399.323547 381.603882 421.343567
14.424930 408.410004 40.050014 427.445435
81.555962 452.921326 99.687599 471.486786
154.056503 450.881256 169.474976 468.770447
248.657272 518.814453 267.964233 538.171326
148.653122 528.949280 167.875931 548.346619
80.553337 121.973541 97.062386 139.960083
38.417000 132.181778 56.064053 150.907410
35.147560 164.347031 51.286007 182.676453
187.549561 179.479553 199.818146 197.651260
252.880051 200.608749 263.822083 218.470001
252.880051 200.608749 263.822083 218.470001
31.129868 210.067673 43.944244 228.056686
217.619415 222.975601 231.074646 241.659042
217.619415 222.975601 231.074646 241.659042
195.779175 227.019989 208.294159 245.696274
243.392365 237.157608 259.097137 256.061829
259.466431 309.807312 273.200653 328.233521
323.735107 310.107025 348.055603 331.603363
136.949524 326.526123 148.811203 344.150940
274.942719 325.348907 289.826447 344.174744
100.924835 402.598663 117.814507 420.894409
364.427765 412.430328 394.275726 434.239105
64.340950 448.092102 83.531738 466.043762
219.821289 474.622498 234.445923 493.235626
219.821289 474.622498 234.445923 493.235626
149.480789 492.846436 166.068268 510.849548
322.425598 500.417755 352.015442 526.892944
162.854660 520.148682 183.052780 539.436096
162.854660 520.148682 183.052780 539.436096
218.185211 555.890198 236.175919 574.719421
284.963318 596.513245 320.981812 618.721375
263.871338 637.183594 301.541046 658.764404
109.953094 111.922256 127.313423 129.446182
109.953094 111.922256 127.313423 129.446182
123.900375 127.478241 138.612762 146.070602
52.586830 148.007996 68.481674 166.042450
52.586830 148.007996 68.481674 166.042450
11.340497 166.855927 29.080090 186.189285
336.086029 178.288269 352.552643 197.052856
27.011093 184.951248 42.958561 200.861633
27.011093 184.951248 42.958561 200.861633
208.907532 190.457672 220.023560 208.020737
244.193649 237.242401 259.097137 256.061829
324.006256 236.180374 342.387238 255.821289
324.006256 236.180374 342.387238 255.821289
225.124481 248.247803 238.906464 269.006897
292.482697 303.242645 308.974701 322.292480
135.441589 324.960663 148.811203 344.150940
386.919708 381.312683 413.305359 402.472198
380.509247 406.670013 410.149658 429.010040
194.985428 485.162689 209.529449 503.032715
194.985428 485.162689 209.529449 503.032715
149.000595 493.108978 164.722809 510.948059
168.936218 122.364349 185.315842 141.848251
308.868988 256.220337 327.076508 275.974426
308.868988 256.220337 327.076508 275.974426
346.218292 298.831024 370.138153 320.024139
195.484375 453.955170 208.082947 470.651520
167.366592 477.572083 181.374390 495.758606
289.617065 546.496765 319.637878 568.357117
334.625549 209.391724 352.890442 229.028900
334.625549 209.391724 352.890442 229.028900
178.375214 230.590103 191.586411 249.477249
231.231964 343.546478 245.233612 362.657990
41.832325 397.385010 62.940151 415.011017
253.081070 472.886627 269.778168 492.250153
337.844940 527.631836 373.127197 550.826904
353.557037 369.189575 379.376221 387.950775
353.557037 369.189575 379.376221 387.950775
350.706726 478.725159 380.586945 500.394775
217.424057 622.758850 255.966553 640.518066
388.202271 237.791016 407.905457 254.439499
55.264442 256.461945 66.188866 275.903717
55.264442 256.461945 66.188866 275.903717
81.919144 308.226013 97.516403 326.064423
302.292664 370.572327 326.180237 390.004456
127.992462 428.839050 143.574005 446.245087
199.337479 290.931946 212.509918 309.442657
