680.217 1494.31 296.996 1779.51
2700.71 1491.49 2316.08 1781.31
539.162 1516.22 194.152 1805.77
919.357 3332.35 314.873 1590.71
444.82 1529.13 129.107 1823.34
1223.85 683.497 924.843 990.503
623.714 1187.17 313.697 1485.18
989.45 1264.04 573.044 1547.08
941.902 712.927 665.401 1024.26
880.777 721.516 610.543 1031.84
2474.78 1604.18 2071.44 1890.38
1443.53 744.572 1130.07 1048.58
637.014 1405.88 285.411 1695.83
2085.19 1426.45 1680.57 1712.1
947.419 751.687 660.962 1058.97
928.91 751.602 643.551 1059.9
2396.25 1457.71 1978.94 1742.37
767.379 764.378 502.619 1074.46
798.988 804.501 522.307 1113.08
3025.29 2025.2 2174.05 1759.69
868.781 818.091 578.496 1123.96
1295.31 832.405 957.935 1132.06
843.255 844.376 549.55 1149.82
3018.77 2122.83 2838.75 2437.95
1147.31 884.953 795.599 1182.21
872.161 2242.35 566.771 2531.23
872.161 2242.35 566.771 2531.23
807.208 854.965 516.148 1159.92
938.393 967.611 607.601 1266.36
1009.74 974.541 669.003 1272.1
1728.48 2491.86 1326.46 2767.35
1133.06 1004.59 755.809 1296.45
1133.06 1004.59 755.809 1296.45
745.539 1187.55 1075.92 2909.25
1037.37 1026.01 679.305 1320
1006.77 1038.5 652.354 1332.93
1726.61 2528.69 1326.16 2804.51
679.164 1031.71 385.371 1334.89
2700.71 1491.49 1449.79 3246.07
1072.89 1116.29 677.398 1404.19
667.379 1184.96 349.423 1483.24
1056 1260.39 1188.6 667.948
636.234 1185.61 323.205 1484.2
2037.7 351.319 1909.89 687.477
2037.7 351.319 1909.89 687.477
812.393 1232.91 447.63 1523.23
1065.58 1303.7 631.014 1583.66
2065.5 1319.52 1656.12 1606.31
568.48 1368.61 240.246 1662.72
2016.45 1383.89 1616.69 1670.73
965.254 1394.88 529.91 1674.26
651.756 1386.24 299.628 1677.24
1987.71 1428.75 1598.48 1716.47
1977.48 1452.55 1594.97 1741.71
855.694 714.228 590.522 1025.9
2002.92 1375.97 1604.96 1662.9
3159.08 1415.4 1341.16 599.252
2002.92 1375.97 1604.96 1662.9
1108.76 721.9 810.394 1028.24
641.417 1373.61 292.854 1665.23
1471.3 2960.98 1182.85 3248.32
1988.42 1385.21 1593.47 1672.2
1980.08 1397.74 1588.35 1686.31
1058.42 741.199 756.418 1048.22
2421.45 1422.1 1311.86 3256.19
818.597 1407.13 408.896 1690.04
1471.66 2986.59 1188.33 3273.85
2396.4 1412.93 1976.66 1697.71
2396.4 1412.93 1976.66 1697.71
1172.83 765.06 854.084 1070.45
1029.84 1426.55 584.692 1706.01
1971.19 1415.17 1584.61 1705.77
781.31 760.296 516.777 1071.42
2428.54 1437.08 2012.24 1723.93
1032.74 1449.96 582.456 1725.22
1404.68 776.467 1084.52 1074.44
1698.61 497.296 1536.11 826.637
1698.61 497.296 1536.11 826.637
794.41 1459.92 386.005 1741.99
1195.28 807.753 861.535 1109.96
1543.49 1477.37 1066.69 1751.37
1646.3 811.473 1344.43 1116.1
2402.52 1477.66 1986.53 1761.98
888.419 822.356 594.316 1128.51
1471.97 581.888 1220.53 896.762
1314.1 830.643 976.077 1128.91
1056.6 619.281 793.089 932.161
989.126 649.466 723.527 962.321
1554.06 828.346 1226.54 1130.44
2433.09 1503.28 2022.31 1788.22
989.126 649.466 723.527 962.321
2609.48 1503.01 2212.84 1790.5
1333.76 841.921 990.747 1141.31
2436.63 1518.02 2026.34 1802.96
1184.06 856.937 834.638 1153.89
769.787 859.891 484.536 1165.68
2450.76 1525.47 2042.23 1810.97
849.065 699.455 591.227 1011.31
922.497 702.857 651.628 1014.15
1285.6 709.492 977.571 1015.17
1590.59 893.043 1247.82 1189.54
1057.5 710.988 766.086 1018.47
2590.44 877.697 2338.9 1191.93
883.505 707.871 616.522 1019.14
1252.05 720.56 944.737 1023.75
1609.88 1556.21 1157.76 1833.1
1292.68 730.494 978.929 1035.01
880.789 733.388 609.351 1042.53
1271.24 738.72 960.106 1041.77
602.424 919.268 334.253 1228.16
803.588 757.293 537.145 1067.38
602.424 919.268 334.253 1228.16
1263.98 765.882 943.045 1069.79
767.379 764.378 502.307 1074.23
808.602 769.484 538.774 1078.85
808.602 769.484 538.774 1078.85
835.42 929.671 523.945 1230.75
821.584 779.317 546.828 1088.72
821.584 779.317 546.828 1088.72
3204.71 1840.99 2983.58 2152.84
753.688 811.514 481.632 1120.53
808.948 834.868 522.297 1141.93
875.589 845.992 578.238 1150.55
816.824 846.497 527.129 1153.07
1263.71 859.29 918.815 1157.94
1682.02 860.78 1368.85 1163.36
2952.44 2004.49 2757.52 2320.06
1193.33 868.72 843.85 1165.08
2966.38 2025.28 2772.14 2339.46
1147.31 884.953 795.812 1182.17
834.678 973.927 518.254 1274.38
2947.88 1551.4 2990.89 2456.92
1103.25 985.622 738.298 1280.1
1814.88 2217.86 1412.79 2496.65
1814.88 2217.86 1412.79 2496.65
943.627 906.137 621.677 1207.14
1610.7 916.737 1265.21 1214.27
1794.02 1001.25 1447.28 1299.12
1794.02 1001.25 1447.28 1299.12
1767.22 2381.44 1363.5 2658.49
893.943 931.806 574.072 1232.72
893.943 931.806 574.072 1232.72
701.077 1007.19 405.459 1310.77
1267.52 1021.46 872.577 1311.03
1267.52 1021.46 872.577 1311.03
821.133 949.317 508.508 1250.99
1611.78 2519.6 1211.05 2795.22
990.373 1002.96 647.466 1299.62
722.015 1017.46 420.987 1321.53
443.557 1000.75 198.514 1311.29
1394.44 93.9902 1551.37 470.126
722.015 1017.46 420.987 1321.53
1394.44 93.9902 1551.37 470.126
722.015 1017.46 420.987 1321.53
679.164 1031.71 385.498 1334.98
176.888 2585.7 22.1973 2889.39
437.65 1013.22 195.126 1323.67
1116.41 1073.56 723.879 1362.24
791.353 1070.07 466.847 1367.24
713.222 1036.77 411.792 1338.31
2904.68 2590.38 2884.88 2925.25
949.097 1042.17 604.194 1338.94
781.552 1075.53 454.427 1374.42
652.701 1086.75 360.076 1390.29
400.694 1039.47 161.802 1348.93
1103.76 1059.04 717.192 1348.94
735.765 1125.45 415.921 1421.34
813.934 2673.57 529.863 2961.56
937.521 1128.73 573.545 1421.88
1322.29 2697.15 985.425 2979
527.393 1147.85 249.345 1451.01
1376.45 2707.18 1039.52 2988.57
791.279 1084.97 466.817 1383.06
1754.09 266.237 1694.32 612.201
745.539 1187.55 407.4 1483.95
745.539 1187.55 407.4 1483.95
622.934 1201.17 311.578 1498.28
2063.94 1107.78 1670.7 1398.38
533.542 1216.25 242.807 1516.86
702.321 1221.52 366.233 1515.55
1082.17 1232.27 657.076 1515.06
633.206 1111.23 340.967 1411.85
1082.17 1232.27 657.076 1515.06
927.971 1237.43 532.089 1524.59
1205.35 1244.65 767.188 1525.08
649.752 1137.3 347.803 1437.61
647.046 1230.9 323.789 1527.78
953.716 1243.02 550.19 1528.51
2934.52 1145.53 2681.84 1456.49
936.508 1250.37 534.039 1537.1
936.508 1250.37 534.039 1537.1
964.922 1253.03 556.537 1538.12
1097.53 1182.83 680.406 1468.1
650.846 1175.97 338.127 1474.92
997.232 1271.45 577.296 1555.2
685.396 1315.03 334.762 1606.64
940.31 81.9012 3175.53 1526.63
1170.03 150.839 3390 1635.09
698.026 1234.69 357.213 1531.47
612.249 1248.13 293.067 1544.59
1973.42 1378.89 1580.52 1666.75
661.391 1378.54 309.842 1667.82
661.391 1378.54 309.842 1667.82
925.3 3061.51 693.627 3353.27
1056 1260.39 628.643 1544.09
978.516 1393.34 541.647 1672.82
1056 1260.39 628.643 1544.09
922.628 1263.51 521.762 1547.33
2088.01 1416.25 1683.69 1702.43
1994.67 1418.74 1601.52 1706.28
541.157 1418.85 212.23 1713.23
2724.25 1430.85 2334.87 1720.11
548.327 1432.79 215.88 1724.45
566.89 1271.5 251.972 1567.66
997.793 1450.18 551.905 1727.9
2417.6 1444.18 2000.3 1728.71
530.186 1439.15 202.025 1733.33
588.72 1272.81 270.612 1569.1
2402.67 1448.35 1987.07 1733.91
1085.63 3152.18 831.163 3440.31
543.694 1458.24 208.535 1749.93
415.03 1281.84 142.557 1584.71
1033.54 599.891 781.049 914.156
847.17 1469.84 425.879 1750.25
606.864 1290.94 279.6 1587.79
2294.33 1473.3 1881.16 1757.55
624.037 1296.68 295.416 1590.5
2625.9 1472.46 2229.22 1758.91
1326.79 634.221 1040.8 942.416
1126.51 1313 686.99 1592.5
1118.99 645.834 840.68 956.281
348.697 1468.35 79.252 1770.35
2403.74 1489.75 1989.82 1774.46
2956.07 3165.65 3056.65 3513.48
2538.09 2636.99 2927.86 1600.14
1264.99 1330 793.305 1605.53
755.977 1601.61 340.558 1880.65
1072.44 1622.86 604.8 1895.35
913.46 687.548 648.08 998.984
1158.55 1360.37 701.636 1636.65
889.605 693.245 627.179 1005.28
3407.36 1269.6 3620.64 1646.16
331.765 1666.14 37.7156 1960.77
3054.33 3296 3143.54 3643.12
3054.33 3296 3143.54 3643.12
1101.83 1371.53 655.172 1650.5
967.067 696.318 692.528 1006.75
1495.22 701.842 1196.4 1011.74
983.833 702.99 704.496 1013.3
597.364 1361.92 262.137 1654.45
1005.02 706.678 723.757 1016.41
3106 2099.07 2340.69 2082.21
2976.65 1981.9 2777.33 2295.54
956.079 716.044 678.324 1024.14
822.525 714.842 562.075 1027.77
2978.33 2016.76 2781.02 2330.84
1271.23 721.893 959.067 1027.15
2060.15 1386.72 1657.75 1672.36
1002.3 722.141 715.128 1029.66
1749.56 2128.51 1348.78 2407.83
2362.64 1388.88 1941.17 1673.91
1749.56 2128.51 1348.78 2407.83
334.231 2132.99 55.2681 2424.37
2394.27 1390.29 1972.8 1674.78
904.173 726.507 629.944 1037.38
1952.89 1386.98 1568.26 1675.73
1458.45 743.792 1146.36 1049.6
837.591 751.309 568.144 1060.21
1894.54 762.505 1610.48 1071.58
846.639 765.142 571.958 1074.02
1404.68 776.467 1085.13 1073.75
1051.6 1431.89 601.074 1707.82
1163.08 781.341 842.621 1083.98
1163.08 781.341 842.621 1083.98
1780.47 3612.88 1103.63 2824.38
837.249 785.403 559.62 1092.61
2062.08 1438.02 1664.11 1724.63
1747.99 2583.58 1350.82 2859.36
992.422 793.764 686.014 1097.85
1181.33 835.51 840.882 1135.96
2071.58 837.075 1735.06 1138.18
1359.64 843.593 1010.76 1142.46
889.477 838.554 592.537 1144.55
113.97 1555.69 2683.08 2944.07
1194.68 846.127 851.54 1144.33
1402.06 2706.41 1067.33 2988.6
2078.57 1481.96 1683.87 1768.64
760.484 840.121 482.28 1147.16
1300.08 875.82 944.7 1174.41
2355.29 1527.82 1943.65 1812.56
1188.02 892.6 831.557 1189.02
777.553 884.242 485.718 1189.68
980.188 1538.69 527.892 1814.27
863.013 895.808 554.152 1199.65
279.76 1515.1 26.7982 1817.19
922.229 909.43 603.826 1209.49
1187.6 915.617 825.83 1209.79
1187.6 915.617 825.83 1209.79
1625.79 917.097 1276.98 1208.28
871.679 913.782 557.586 1217.08
1685.41 916.986 1358.53 1218.49
2239.09 1552.51 1834.49 1837.9
852.775 921.841 540.632 1221.87
2723.92 1549.51 2352.13 1840.81
1639.52 924.208 1287.65 1221.46
1639.52 924.208 1287.65 1221.46
495.775 1564.09 157.86 1853.41
1054.73 925.247 714.853 1225.08
2336.67 1568.73 1930.75 1854.39
1063.61 958.53 717.451 1253.71
817.456 966.554 504.841 1266.64
1749.56 2128.51 2459.48 4493.32
2587.06 1771.2 2331.76 2075.94
1006.54 986.135 664.771 1283.36
1212.99 997.648 824.207 1289.53
3206.39 1794.78 2987.07 2107.49
2975.25 969.068 2861.99 1301.57
3178.8 1876.23 2959.65 2187.45
3178.8 1876.23 2959.65 2187.45
2313.84 1016.06 1926.67 1309.55
1193.43 1027.54 803.167 1317.52
809.105 1044.08 483.78 1342.99
1125.77 1052.63 734.975 1345.55
965.43 1054.65 616.959 1348.51
3086.09 2108.36 2905.7 2423.87
939.744 1074.95 591.676 1371.08
313.223 2135.82 37.8448 2427.82
1246.23 1096.04 836.341 1382.54
661.002 2293 414.891 2588.61
3522.95 2276.76 3507.45 2617.31
3522.95 2276.76 3507.45 2617.31
3517.12 2298.03 3513.38 2643.82
1115.61 2382.22 757.772 2663.54
1114.62 2419.35 755.531 2700.03
613.186 1223.95 299.794 1521.01
1785.96 2458.26 1382.49 2734.54
3560.56 2412.75 3578.15 2756.55
1310.49 370.067 274.967 1546.04
946.838 1271.47 538.938 1555.6
971.398 1301.18 552.428 1583.56
2572.4 470.555 2478.58 810.295
2794.63 535.082 2799.13 888.717
1008.67 1323.12 578.321 1604.94
1436.12 642.524 1155.46 953.217
1523.89 645.293 1250.78 958.238
2019.3 1371.25 1619.68 1658.57
963.832 673.943 696.372 984.653
1458.39 682.983 1167.65 990.373
2725.18 2666.17 2608.99 2985.93
2725.18 2666.17 2608.99 2985.93
1198.58 700.825 896.302 1007.58
2745.85 2747.71 2621.43 3065.92
3263.66 2740.02 3235.1 3073.88
2663.26 3005.34 2486.26 3314.11
2663.26 3005.34 2486.26 3314.11
3019.19 3020.59 3109.25 3369.76
1095.03 3166.08 840.276 3453.48
1095.03 3166.08 840.276 3453.48
2703.23 3257.56 2537.29 3566.31
3100.76 3296.8 3182.95 3643.51
3107.94 3392.65 3186.15 3739.37
1432.24 3582.12 1169.02 3867.35
1780.47 3612.88 1435.24 3889.43
3279.38 3675.34 3357.05 4020.58
755.977 1601.61 3182.79 4030.41
3357.49 3846.02 3458.01 4194.14
3343.66 4523.24 3693.78 4906.07
3085.13 5084.09 3423.87 5461.03
2721.58 5225.55 3036.4 5595.59
647.638 1507.64 272.403 1795.58
3296.41 3716 3377.31 4062.09
2749.72 717.917 2608.58 1048.7
1103.43 119.73 1238.22 488.671
923.878 1544.7 480.578 1820.92
899.301 1579.27 458.211 1853.53
899.301 1579.27 458.211 1853.53
904.167 785.851 617.555 1093.83
2451.73 1580.9 2045.31 1865.66
2451.73 1580.9 2045.31 1865.66
1396.86 1642.86 917.351 1915.35
864.31 792.266 580.564 1101.2
2069.73 1675.96 1710.73 1967.81
864.31 792.266 580.564 1101.2
3206.39 1794.78 2987.32 2107.3
836.894 816.661 549.537 1114.12
3191.5 1856.76 2972.41 2168.11
1656.13 834.098 1340.43 1140.12
3025.29 2025.2 2831.87 2339.05
1275.47 915.25 908.334 1210.8
857.942 930.377 544.721 1231.71
1346.84 543.152 1100.8 858.99
1087.23 934.595 739.469 1231.36
1101.67 549.762 864.116 865.01
1087.23 934.595 739.469 1231.36
3330.62 5052.59 3658.89 5430.24
3524.46 2253.82 3498.94 2591.36
611.378 944.377 342.762 1251.94
3499.96 2314.59 3490.35 2654.21
728.781 957.788 431.544 1262
1115.61 2382.22 756.591 2662.96
1062.09 973.28 715.844 1265.16
2061.3 2440.3 1672.48 2719.47
921.596 974.776 591.612 1275.39
1035.96 623.514 775.609 936.115
921.596 974.776 591.612 1275.39
2570.35 634.015 2393.21 961.051
921.596 974.776 591.612 1275.39
953.877 977.629 621.188 1274.67
986.96 671.828 717.187 981.689
953.877 977.629 621.188 1274.67
1271.65 691.857 968.054 998.203
1484.48 686.837 1189.56 996.528
1988.48 2651.08 1602.66 2929.26
1988.48 2651.08 1602.66 2929.26
3414.06 2608.26 3380.39 2941.62
694.774 2670.39 465.376 2965.52
549.696 1025.44 282.985 1331.11
1160.65 704.721 860.429 1012.08
1123.77 1077.28 730.343 1366.02
1458.18 716.704 1152.67 1024.12
2972.08 2654.61 2955.24 2994.15
1037.7 725.541 745.584 1031.76
1202.25 1105.85 794.935 1390.49
2972.08 2654.61 2955.24 2994.15
788.234 735.57 526.65 1047.89
821.074 736.531 558.586 1045.61
853.082 740.375 585.344 1048.17
908.654 758.255 625.623 1065.35
3024.06 2709.86 3006.3 3044.7
1172.83 765.06 853.925 1069.06
1082.08 2772.77 771.295 3055.63
1548.48 781.639 1232.79 1088.26
651.06 1201.26 331.563 1502.94
1634.26 784.711 1342.83 1092.88
1006.12 812.062 694.363 1116.01
990.153 835.556 675.899 1137.93
2663.26 3005.34 2486.5 3314.44
1537.32 830.765 1201 1134.24
2663.26 3005.34 2486.5 3314.44
3452.45 2992.5 3485 3336.01
3077.79 3026.29 3157.2 3373.66
952.092 1305.28 536.405 1587.44
1662.84 861.949 1346.21 1165.5
3030.73 3126.64 3116.6 3475.18
1662.84 861.949 1346.21 1165.5
1061.88 580.893 808.432 902.04
3113.69 3211.94 3196.99 3560.66
1228.87 887.948 874.328 1185.26
1124.91 3287.27 864.828 3575.73
1029.58 675.763 755.119 986.357
919.357 3332.35 680.484 3620.75
1683.37 894.063 1358.75 1199.14
919.357 3332.35 680.484 3620.75
1146.14 1334.46 698.187 1613.72
2613.74 890.234 2367.56 1204.62
525.635 1324.56 216.561 1617.11
1194.71 748.944 878.394 1051.05
3128.41 3316.43 3207.12 3661.91
602.424 919.268 334.207 1227.82
597.588 1322.35 270.564 1617.68
921.266 931.483 595.977 1231.93
3104.97 3334.98 3185.67 3678.47
567.895 1339.36 243.906 1637.08
1464.37 750.666 1149.12 1056.96
1041.63 949.624 704.039 1243.63
3134.19 3392.51 3208.49 3739.1
1358.56 773.256 1039.12 1074.39
3145.05 3418.51 3218.18 3763.61
717.379 989.504 419.813 1292.26
1261.24 1002.36 868.775 1292.74
3032.06 3504.69 3136.69 3851.19
968.296 1006.59 629.262 1302.27
3163.75 3513.92 3237.52 3858.78
810.172 1007.82 493.052 1308.13
548.705 1382.11 224.608 1676.65
752.061 1028.11 443.23 1328.37
855.619 864.344 559.924 1164.72
2721.58 5225.55 2732.48 3864.1
1284.15 1041.74 881.644 1331.85
3186.63 3519.24 3258.5 3864.01
2940.07 1389.52 2614.14 1688.62
1780.47 3612.88 1435.14 3888.37
1292.42 952.661 909.698 1244.04
3165.63 3552.88 3240.52 3898.42
736.222 1106.18 417.574 1404.62
794.01 980.015 486.725 1277.45
772.811 1103.26 445.282 1402.51
924.722 1112.52 569.089 1406.13
1233.33 1119.19 816.628 1405.86
2084.4 1453.94 1684.97 1740.04
750.852 988.38 445.744 1289.99
663.776 1111.78 364.199 1411.86
2031.59 1459.66 1640.38 1746.37
758.89 1481.46 356.858 1762.33
1019.84 1165.39 624.792 1453.1
2422.57 1483.23 2010.49 1767.58
643.395 1156.79 334.311 1454.57
1071.46 1175.26 661.584 1460.46
1071.46 1175.26 661.584 1460.46
2656.7 1176.6 2284.1 1470.27
2262.98 4067.91 2070.51 4366.48
831.85 1187.75 472.913 1479.84
544.526 1562.84 192.684 1849.88
3334.52 1106.3 3497.84 1478.02
2690.09 1196.45 2321.49 1488.95
1039.8 1083.92 658.26 1381.04
2183.17 1583.96 1806.28 1875.87
2453.46 1607.12 2049.86 1893.18
2497.32 1112.91 2112.02 1406.94
899.317 1271.35 498.844 1557.32
2454.7 1636.46 2055.34 1921.39
975.3 1275.1 560.09 1559.71
2497.32 1112.91 2112.02 1406.94
565.041 1265.54 251.604 1562.42
1330.36 1671.49 856.402 1943.81
3152.52 5074.16 3489.84 5451.61
3152.52 5074.16 3489.84 5451.61
790.766 1202.96 435.669 1495.92
2084.22 1394.33 1678.95 1680.2
3210.83 1930.41 3015.57 2242.66
2067.95 1417.69 1666.77 1705.17
1719.95 1275.73 1294.19 1563.71
3106 2099.07 2924.28 2414.6
1123.87 500.435 904.758 821.124
2115.85 1442.92 1713.06 1731.58
3115.86 2129.72 2938.93 2445.58
2115.85 1442.92 1713.06 1731.58
747.59 1452.04 355.901 1735.6
1019.25 1298.37 591.447 1581
2414.31 1456.28 1998.37 1740.63
909.984 1301.23 503.197 1585.03
1091.85 648.622 814.674 960.241
1460.47 665.289 1176.13 969.916
1615.26 2510.89 1214.71 2786.12
1014.71 1357.39 580.202 1637.63
2905.4 1338.16 2563.25 1634.69
1431.99 686.951 1139.52 995.207
606.146 2528.77 406.148 2824.18
2906.6 1378.41 2565.56 1673.35
1319.66 709.523 1012.14 1015.64
2723.44 2611.52 2609.78 2930.28
1319.66 709.523 1012.14 1015.64
995.092 1394.95 557.858 1675.43
2538.09 2636.99 2265.18 2934.11
995.092 1394.95 557.858 1675.43
1682.69 1468.05 3687.05 2935.73
1217.86 718.229 911.99 1023.47
2982.33 1389.94 2672.9 1691.79
2020.89 1428.85 1625.13 1717.31
2972.08 2654.61 2954.34 2993.13
2972.08 2654.61 2954.34 2993.13
835.777 1439.89 420.527 1720.24
703.965 1480.66 312.52 1763.59
2719.2 2711.56 2598.02 3028.75
2807.69 2720.84 2707.61 3044.38
454.713 1553.45 132.089 1841.79
1265.01 2980.91 963.319 3265.18
2419.57 1621.7 2013.38 1906.93
1265.01 2980.91 963.319 3265.18
1637.08 3020.29 1350.38 3303.57
3556.1 3016.83 3611.1 3363.7
1123.61 1754.79 675.036 2027.35
3528.82 3076.49 3594.38 3424.25
1103.37 3147.61 847.56 3435.92
1124.72 1754.72 675.036 2027.35
1103.37 3147.61 847.56 3435.92
3326.88 1964.02 3179.13 2286.88
2212.26 3389.65 1915.7 3676.97
3326.88 1964.02 3179.13 2286.88
2212.26 3389.65 1915.7 3676.97
2929.03 2019.87 2735.35 2332.52
2705.06 3641.44 2592 3956.73
3460.94 2198.42 3415.95 2532.3
1631.1 2272.76 1231.08 2550.26
1096.41 2365.77 743.467 2649.29
1096.41 2365.77 743.467 2649.29
1098.39 2954.63 816.748 3240.65
3552.12 3252.94 3655.41 3605.16
3182.44 3367.62 3257 3710.96
3044.25 3388.33 3136.05 3734.22
3166.88 3449.83 3239 3794.02
2629.74 4422.75 2898.77 4788.41
3086.7 1914.96 2867.78 2226.15
1066.61 1339.16 630.749 1619.94
1723.84 2216.68 1322.52 2495.86
1723.84 2216.68 1322.52 2495.86
2074.27 1346.53 1664.22 1632.52
795.854 797.704 523.743 1104.02
250.486 306.788 189.477 849.618
1610.38 875.859 2443.28 2913.34
1001.95 884.035 678.402 1182.82
1112.48 683.233 824.369 993.341
1112.48 683.233 824.369 993.341
769.738 2656.13 504.993 2952.22
595.642 1423.71 252.185 1714.82
2277.53 1430.57 1860.71 1716.39
1578.33 2757.43 1285.57 3047.27
1421.97 2898.14 1124.17 3183.95
1193.78 2976.2 897.077 3261.42
1149.56 1117.07 743.195 1404.74
1193.78 2976.2 897.077 3261.42
1149.56 1117.07 743.195 1404.74
2621.65 1493 2227.12 1780.55
822.374 1121.38 480.925 1415.55
1997.51 1378.58 1601.88 1665.78
995.092 1394.95 557.376 1675.89
2982.33 1389.94 2671.59 1692.22
1910.44 1179.51 1530.82 1470.88
327.966 4081.99 421.542 4489.43
554.697 1489.6 213.103 1778.44
3305.7 5125.09 3614.41 5499.45
2379.01 1317.96 1956.43 1603.16
2924.84 2628.03 1137.79 1799.29
2379.01 1317.96 1956.43 1603.16
1304.57 672.764 1005.57 987.94
2133.05 1706.13 1779.34 1995.71
1846.15 1343.34 1466.77 1633.08
2364.83 1557.41 1955.78 1842.78
1470.5 1642.68 998.558 1920.93
1107.35 1801.14 667.054 2076.84
1219.87 812.201 888.663 1117.39
1394.07 808.743 1057.53 1116.79
2931.72 1786.06 2705.43 2097.17
3589.6 2234.84 3571 2573.63
1724.65 949.268 1388.73 1254.04
923.945 1018.77 585.638 1316.82
1195.35 1143.69 779.562 1435.53
2251.15 1740.73 1913 2037.22
763.783 1235.46 407.666 1534.11
1461.93 2768.2 1132.03 3051.62
1461.93 2768.2 1132.03 3051.62
3232.08 2780.71 3207.84 3110.03
310.015 3151.84 264.937 3462.28
1029.86 3229.86 782.447 3516.59
3189.61 2078.23 3024.76 2390.27
1029.86 3229.86 782.447 3516.59
3126.49 2097.49 2943.9 2410.17
2214.69 3336.42 1918.93 3624
808.93 2394.58 520.896 2687.44
3533.66 3305.51 3644.05 3657.47
3175.12 3694.7 3270.9 4044.04
3067.61 2455.66 3010.08 2788.55
1888.58 2525.21 1491.9 2800.33
1598.8 3920.7 1344.42 4208.66
774.351 2549.69 498.69 2851.71
1993.9 2600.17 1606.78 2875.87
3140.11 2656.59 3106.25 2989.28
2772.77 4215.23 3071.63 4579.85
2397.65 2846.93 2171.31 3148.54
1468.04 2916.94 1178.84 3203.7
1356.3 2997.67 1056.66 3290.48
1419.85 3014.6 1135.05 3299.38
2209.64 3155.57 1921.42 3441.46
947.672 806.809 647.777 1108.97
1215.14 2512.11 842.309 2796.69
1251.92 892.957 886.57 1191.32
1751.48 2549.9 1354.24 2828.12
2024.31 1678.32 1665.93 1966.08
1178.39 972.236 800.638 1260.9
2078.71 1543.06 1693.1 1824.39
1200.18 1063.67 805.19 1351.54
2209.64 3155.57 1912.95 3367.15
597.268 1726.58 238.338 2025.61
2593.91 1573.56 2225.23 1866.57
1200.18 1063.67 805.19 1351.54
1069.69 1068.73 682.637 1353.87
3177.41 3278.77 3255.39 3625.93
3109.15 1976.48 2922.63 2286.81
1040.64 3468.62 797.832 3772.39
1259.66 2763.61 918.993 3043.07
1591.59 2476.73 1189.12 2752.64
1526.59 3976.1 1295.32 4266.38
1259.66 2763.61 918.993 3043.07
2432.88 1556.45 2025.23 1841.81
1063.35 1735.41 607.569 2010.63
1669.98 1757.37 1283.13 2040.31
2251.15 1740.73 1913.25 2040.11
3068.8 3131.29 3154.12 3473.76
3696.78 3632.71 3658.87 2036.53
1655.45 3475.51 1355.44 3750.41
2961.39 1998.39 2765.27 2308.56
2314.61 4015.01 2143.46 4305.15
1824.71 1066.97 1462.14 1367.74
1554.86 4098.48 1343.28 4386.59
1738.31 1097.35 1365.19 1386.49
1093.02 827.418 776.587 1120.35
747.672 905.658 448.981 1207.55
1840.7 1258.79 1458.9 1545.86
880.871 1032.33 547.501 1329.19
880.871 1032.33 547.501 1329.19
887.085 3438.46 668.763 3729.18
1578.11 3807.2 1327.85 4087.15
2516.22 1459.09 2110.88 1747.34
2516.22 1459.09 2110.88 1747.34
1674.23 4017.99 1465.67 4315.66
758.818 1541.76 351.388 1824.38
1674.23 4017.99 1465.67 4315.66
2096.32 4305.06 1889.45 4597.6
197.913 3248.12 157.809 3557.78
1323.22 744.395 1019.17 1035.75
1453.34 857.753 1109.5 1169.09
535.672 1170.03 232.763 1488.75
1773.44 805.847 1482.76 1133.6
2179.07 1365.38 1760.05 1663.52
1917.75 1702.79 1531.92 1996.08
2381.04 1742.07 2073.1 2048.78
1990.09 3742.55 1676.07 4024.33
1990.09 3742.55 1676.07 4024.33
1578.11 3807.2 1316.95 4087.33
2961.7 1741.5 2738.17 2046.41
1578.11 3807.2 1316.95 4087.33
2285.37 2638.6 1962.12 2900.91
2139.23 3847.1 1855.93 4131.68
3022.67 2214.11 2961.39 2559.95
3304.12 2877.73 3306.84 3220.01
3048.31 1519.39 2823.02 1832.51
