374.58 1137.55 506.372 1286.23
3567.42 4939.85 565.084 1263.31
2224.95 1633.2 2316.08 1781.31
488.949 1268 600.705 1412.9
1245.58 829.552 1403.93 985.633
70.3673 1661.58 194.152 1805.77
532.294 3475.25 314.873 1590.71
281.861 1335.77 1675.81 1635.5
845.004 874.823 973.999 1026.09
2681.52 2183.43 2954.73 1719.43
999.884 898.139 1130.07 1048.58
1590.89 1566.74 1680.57 1712.1
2153.95 1636.04 2240.59 1783.26
2350.07 1638.48 2444.67 1788.36
2685.53 2279.96 2838.75 2437.95
437.805 2385.25 566.771 2531.23
544.865 1123.84 669.003 1272.1
2570.96 2768.29 1125.57 3215.14
2224.95 1633.2 1449.79 3246.07
706.922 2864.18 827.12 3008.01
1941.85 1583.33 1585.95 3979.45
493.716 1283.5 602.922 1428.52
189.686 1335.98 323.205 1484.2
541.606 1442.03 631.014 1583.66
451.643 1558.1 538.978 1700.32
466.274 1576.23 551.553 1716.27
1941.85 1583.33 2024.53 1728.88
438.289 873.224 590.522 1025.9
1511.16 1517.42 1604.96 1662.9
438.289 873.224 590.522 1025.9
671.519 877.672 810.394 1028.24
1022.4 494.458 1232.7 659.254
170.362 1519.45 292.854 1665.23
1022.4 494.458 1232.7 659.254
1055.89 3102.14 1182.85 3248.32
1499.24 1527.58 1593.47 1672.2
559.09 898.565 701.306 1047.86
1007.09 498.418 1215.37 661.718
1491.42 1539.65 1588.35 1686.31
618.8 896.806 756.418 1048.22
775.98 912.463 907.051 1061.72
308.377 1547.48 408.896 1690.04
1059.59 3127.96 1188.33 3273.85
775.98 912.463 907.051 1061.72
1893.05 1551.86 1976.66 1697.71
1201.27 550.469 1412.42 712.513
1893.05 1551.86 1976.66 1697.71
996.836 556.242 1181.66 716.739
64.2479 1498.52 1406.17 728.149
1485.49 1558.01 1584.61 1705.77
364.983 919.261 516.777 1071.42
952.952 928.38 1084.52 1074.44
496.429 1585.49 582.456 1725.22
346.589 943.557 497.245 1095.17
1067.71 679.512 1231.74 836.187
1067.71 679.512 1231.74 836.187
283.645 1600.53 386.005 1741.99
736.836 959.378 861.535 1109.96
1095.61 715.026 1252.04 870.941
995.315 1610.6 1066.69 1751.37
1211.14 964.707 1344.43 1116.1
1902.87 1616.94 1986.53 1761.98
1137.32 738.085 1299.59 894.274
453.691 977.635 594.316 1128.51
1069.38 742.165 1220.53 896.762
853.964 979.7 976.077 1128.91
2132.23 1630.47 2222.93 1778.22
642.835 779.017 793.089 932.161
1225.38 797.303 1384.39 953.152
1617.25 1639.56 1713.6 1785.49
1102.47 980.305 1226.54 1130.44
1936.83 1642.51 2022.31 1788.22
868.453 993.08 990.747 1141.31
714.572 1005.72 834.638 1153.89
801.247 850.59 937.959 1001.89
1956.59 1664.85 2042.23 1810.97
436.798 858.931 591.227 1011.31
1128.92 1041.37 1247.82 1189.54
1311.49 1665.87 1413.14 1812.13
842.642 863.766 977.571 1015.17
2199.02 1035.62 2338.9 1191.93
625.232 866.534 766.086 1018.47
865.354 868.411 996.967 1019.09
766.894 1062.67 880.607 1209.52
806.925 875.242 944.737 1023.75
766.894 1062.67 880.607 1209.52
1078.48 1691.15 1157.76 1833.1
829.201 1065.24 940.285 1212.53
849.021 884.732 978.929 1035.01
461.164 890.49 609.351 1042.53
595.83 1073.88 721.361 1221.45
960.025 1734.77 1032.74 1874.97
327.403 1746.13 418.267 1886.37
750.066 915.256 881.381 1065.64
385.812 915.698 537.145 1067.38
182.361 1076.86 334.253 1228.16
716.254 1079.9 828.618 1227.28
388.123 926.911 538.774 1078.85
388.282 1082.26 523.945 1230.75
388.123 926.911 538.774 1078.85
402.83 1969.43 500.331 2110.65
398.311 936.744 546.828 1088.72
390.729 1098.52 527.399 1247.68
2844.04 1995.97 2983.58 2152.84
332.88 969.758 481.632 1120.53
514.794 1111.1 640.298 1259.57
569.681 1111.73 693.033 1260.07
377.818 990.548 522.297 1141.93
798.359 1009.18 918.815 1157.94
2606.3 2161.79 2757.52 2320.06
446.829 1114.95 577.451 1263.02
725.274 1017.18 843.85 1165.08
2621.9 2183.08 2772.14 2339.46
385.815 1125.49 518.254 1274.38
621.331 1133.24 738.298 1280.1
621.331 1133.24 738.298 1280.1
1333.27 1149.75 1447.28 1299.12
1145.9 1065.48 1265.21 1214.27
1333.27 1149.75 1447.28 1299.12
1610.68 269.704 1866.44 442.772
442.722 1083.58 574.072 1232.72
442.722 1083.58 574.072 1232.72
264.213 1159.55 405.459 1310.77
767.669 1165.94 872.577 1311.03
767.669 1165.94 872.577 1311.03
376.901 1100.47 508.508 1250.99
716.869 1175.11 821.136 1320.25
937.118 318.815 1223.75 493.07
525.432 1152.12 647.466 1299.62
282.299 1170.87 420.987 1321.53
525.432 1152.12 647.466 1299.62
282.299 1170.87 420.987 1321.53
38.0688 1159.51 198.514 1311.29
927.159 340.337 1210.85 518.782
3380.22 2671.53 3598.54 2843.32
366.462 1198.69 495.903 1346.62
33.8905 1171.74 195.126 1323.67
511.504 1207.12 628.699 1353.88
537.094 1189.99 655.313 1336.47
653.737 1217.18 754.154 1361.2
272.969 1189.41 411.792 1338.31
479.741 1189.65 604.194 1338.94
2679.01 2759.71 2884.88 2925.25
215.643 1240.51 360.076 1390.29
608.46 1204.3 717.192 1348.94
1481.17 446.166 1694.32 612.201
1481.17 446.166 1694.32 612.201
535.83 456.973 757.92 622.613
283.274 1276.52 415.921 1421.34
391.757 2816.65 529.863 2961.56
870.993 2834.91 985.425 2979
718.384 1230.44 820.461 1373.28
980.628 2837.95 1096.26 2982.5
869.643 463.644 1079.54 627.786
335.988 1236.14 466.817 1383.06
1573.9 1251.12 1670.7 1398.38
175.437 1351.58 311.578 1498.28
239.648 1369.81 366.233 1515.55
199.201 1262.84 340.967 1411.85
1138.2 473.787 1368.35 641.172
211.319 1289.61 347.803 1437.61
427.467 1379.91 532.089 1524.59
192.217 1380.09 323.789 1527.78
1002.08 482.31 1215.43 646.901
2546.26 1300.6 2681.84 1456.49
431.087 1392.16 534.039 1537.1
3231.7 1281.1 3503.96 1459.8
328.087 492.267 562.371 657.225
456.35 1394.36 556.537 1538.12
583.67 1324.11 680.406 1468.1
328.087 492.267 562.371 657.225
202.841 1326.48 338.127 1474.92
1007.72 545.671 1201.36 707.569
480.369 1412.3 577.296 1555.2
1187.27 570.638 1390.69 733.008
3228.04 1298.9 3497.84 1477.88
184.799 572.308 418.07 736.65
195.256 1424.46 320.325 1570.59
433.967 2802.95 2096.04 1572.23
1093.02 605.386 1277.46 765.734
2983.3 1360.2 3175.53 1526.63
212.617 1461.19 334.762 1606.64
212.617 1461.19 334.762 1606.64
231.891 1384.57 357.213 1531.47
160.219 1397.39 293.067 1544.59
1070.84 668.918 1240.22 827.619
2570.96 2768.29 2923.28 1658.18
974.675 701.343 1130.41 856.832
974.675 701.343 1130.41 856.832
187.198 1524.9 309.842 1667.82
1092.88 702.604 1252.21 858.83
535.118 1399.94 628.643 1544.09
452.33 1531.74 541.647 1672.82
418.138 1404.02 521.762 1547.33
1137.32 738.085 1290.27 893.786
1593.3 1556.77 1683.69 1702.43
3580.92 1797.89 1573.32 1710.73
2244.12 1572.75 2334.87 1720.11
136.532 1422.21 270.612 1569.1
1916.47 1583.94 2000.3 1728.71
740.32 3256.55 879.094 3402.61
1091.09 745.926 1241.75 900.514
688.9 3294.24 831.163 3440.31
625.642 760.694 781.049 914.156
1229.64 754.106 1401.28 912.89
149.652 1440.11 279.6 1587.79
899.846 791.385 1040.8 942.416
329.467 1608.46 425.879 1750.25
167.923 1443.92 295.416 1590.5
598.633 1450.62 686.99 1592.5
1904.9 1628.82 1989.82 1774.46
2813.83 3342.93 3056.65 3513.48
715.095 1465 793.305 1605.53
495.252 843.197 648.08 998.984
1331.28 3407.92 1440.74 3551.24
241.479 1739.94 340.558 1880.65
475.968 852.428 627.179 1005.28
618.289 1496.56 701.636 1636.65
3334.84 1466.13 3620.64 1646.16
545.705 853.389 692.528 1006.75
568.533 1509.07 655.172 1650.5
1063.15 858.966 1196.4 1011.74
578.046 864.294 723.757 1016.41
134.951 1508.33 262.137 1654.45
578.046 864.294 723.757 1016.41
563.158 1530.91 647.603 1669.93
533.715 872.584 678.324 1024.14
408.901 874.847 562.075 1027.77
827.171 875.962 959.067 1027.15
1564.92 1526.83 1657.75 1672.36
572.211 877.957 715.128 1029.66
2631.55 2172.78 2781.02 2330.84
996.639 883.438 1128.85 1034.79
1889.89 1529.23 1972.8 1674.78
1467 1530.06 1568.26 1675.73
481.488 884.824 629.944 1037.38
2914.37 1524.82 3079.48 1686.15
1016.38 898.279 1146.36 1049.6
588.077 903.363 726.725 1054.15
2657.15 3563.05 2870.67 3729.02
418.476 908.292 568.144 1060.21
1474.81 918.266 1610.48 1071.58
516.113 1567.48 601.074 1707.82
423.165 922.891 571.958 1074.02
423.165 922.891 571.958 1074.02
2833.6 3686.31 3084.74 3859.59
952.952 928.38 1085.13 1073.75
450.33 1581 539.446 1723.68
713.17 934.831 842.621 1083.98
1570.35 1578.96 1664.11 1724.63
713.17 934.831 842.621 1083.98
412.387 941.464 559.62 1092.61
2570.96 2768.29 1350.82 2859.36
551.409 947.173 686.014 1097.85
367.432 948.663 516.967 1099.31
1155.94 1603.57 1237.3 1745.04
717.411 986.305 840.882 1135.96
2155.17 1601.53 2241.53 1747.56
892.827 992.963 1010.76 1142.46
729.342 997.007 851.54 1144.33
838.082 995.858 959.984 1145.04
1588.75 1622.54 1683.87 1768.64
870.993 2834.91 958.271 2978.16
953.437 2844.84 1067.33 2988.6
335.21 996.352 482.28 1147.16
829.472 1023.99 944.7 1174.41
1857.62 1666.6 1943.65 1812.56
1113.46 1036.03 1232.75 1181.51
442.904 1674.25 527.892 1814.27
442.904 1674.25 527.892 1814.27
714.846 1041.45 831.557 1189.02
342.798 1039.57 485.718 1189.68
3086.82 4409.79 35.748 4243.18
419.802 1048.44 554.152 1199.65
1174.61 1054.33 1291.21 1203.76
470.35 1061.26 603.826 1209.49
1503.54 1571.66 3685.29 1831.14
1745.39 1692.53 1834.49 1837.9
1154.56 1053.12 1276.98 1208.28
423.075 1067.76 557.586 1217.08
2255.93 1691.79 2352.13 1840.81
1233.54 1068.09 1358.53 1218.49
1172.76 1073.55 1287.65 1221.46
1842.72 1708.01 1930.75 1854.39
1172.76 1073.55 1287.65 1221.46
473.38 1075.41 604.938 1223.35
2197.92 1922.36 2331.76 2075.94
2846.1 1950.02 2987.07 2107.49
2818.61 2031.35 2959.65 2187.45
2818.61 2031.35 2959.65 2187.45
542.67 1135.38 664.771 1283.36
717.918 1143.04 824.207 1289.53
2680.36 1138.2 2861.99 1301.57
2750.05 2266 2905.7 2423.87
2680.36 1138.2 2861.99 1301.57
262.812 2441.21 414.891 2588.61
697.558 1171.7 803.167 1317.52
1636.46 373.171 1862.56 542.978
493.482 1203.57 616.959 1348.51
1031.69 416.926 1269.85 584.504
470.794 1223.45 591.676 1371.08
1031.69 416.926 1269.85 584.504
737.32 1238.36 836.341 1382.54
2574.17 2514 2770.88 2679.37
497.146 1271.29 608.545 1416.66
912.118 479.172 1123.79 643.335
645.188 2556.57 755.531 2700.03
480.537 1276 593.126 1421.24
1039.67 492.314 1253.65 655.27
236.03 1299.38 369.519 1447.98
3208.99 1295.14 3478.2 1472.8
1248.34 506.575 1469.12 672.82
1296.19 2592.42 1382.49 2734.54
1009.79 515.334 1214.67 678.69
3365.1 2586.32 3578.15 2756.55
167.042 1373.76 299.794 1521.01
103.308 1389.81 242.711 1538.48
103.308 1389.81 242.711 1538.48
139.248 1399.2 274.967 1546.04
161.02 2655.99 340.589 2806.18
437.313 1412.84 538.938 1555.6
161.02 2655.99 340.589 2806.18
2283.77 645.104 2478.58 810.295
454.679 1441.04 552.428 1583.56
454.679 1441.04 552.428 1583.56
1075.01 655.415 1242.07 812.582
486.467 1461.89 578.321 1604.94
1099.76 659.52 1267.48 817.151
1072.06 693.845 1232.18 850.893
2573.99 717.498 2799.13 888.717
2629.9 2751.05 2831.97 2916.11
1570.37 1472.82 1658.54 1617.98
2573.99 717.498 2799.13 888.717
64.2479 1498.52 203.841 1646.54
1226.17 772.082 1391.46 929.632
203.279 1504.82 325.04 1650.96
1145.91 780.243 1292.71 936.084
1526.77 1512.9 1619.68 1658.57
1012.66 799.456 1155.46 953.217
65.1821 1516.99 203.372 1664.12
65.1821 1516.99 203.372 1664.12
1108.14 804.377 1250.78 958.238
257.656 2745.9 424.055 2931.02
999.574 811.686 1139.71 963.719
585.07 5097.49 162.529 2949.66
999.574 811.686 1139.71 963.719
544.506 832.248 696.372 984.653
2433.33 2826.21 2608.99 2985.93
1029.22 838.489 1167.65 990.373
646.117 851.355 786.306 1004.08
760.278 855.733 896.302 1007.58
378.963 2845.45 520.31 2990.81
2362.11 851.695 2537.98 1014.3
1771.65 868.867 1916.13 1024.93
2449.37 2906.1 2621.43 3065.92
3034.91 2907.44 3235.1 3073.88
1078.1 2960.29 1207.28 3106.33
944 2978.21 1062.92 3123.69
2603.01 3017.18 2788.55 3179.18
1129.67 3111.54 1261.11 3259.19
2869.22 3197.91 3109.25 3369.76
697.524 3307.94 840.276 3453.48
697.524 3307.94 840.276 3453.48
2546.19 3466.19 2727.71 3626.17
2546.19 3466.19 2727.71 3626.17
2948.6 3473.81 3182.95 3643.51
3439.23 3488.17 3682.16 3663.33
2951.85 3568.61 3186.15 3739.37
625.601 3692.84 774.598 3838.51
1035.17 3723.29 1169.02 3867.35
1331.53 3744.72 1435.24 3889.43
2335.6 3937.95 2502.45 4095.29
3221.43 4021.84 3458.01 4194.14
2413.25 4058.96 2597.4 4219.54
2382.37 4151.51 2565.99 4311.52
2382.37 4151.51 2565.99 4311.52
3111.49 5277.65 3423.87 5461.03
2729.14 5414.46 3036.4 5595.59
158.652 1651.03 272.403 1795.58
2431.98 886.138 2608.58 1048.7
1570.58 313.687 1812.89 484.422
2755.77 1644.26 2900.15 1801.85
1570.58 313.687 1812.89 484.422
2431.98 886.138 2608.58 1048.7
392.291 1680.69 480.578 1820.92
368.849 1713.98 458.211 1853.53
2697.08 4339.03 2994.9 4518.07
368.849 1713.98 458.211 1853.53
475.061 943.268 617.555 1093.83
1959.11 1719.9 2045.31 1865.66
1959.11 1719.9 2045.31 1865.66
714.751 947.257 845.216 1092.9
3189.39 4559.49 3540.59 4749.99
594.19 389.932 836.629 558.894
1605.32 1819.88 1710.73 1967.81
436.39 950.129 580.564 1101.2
829.417 405.729 1058.88 574.325
1126.25 444.283 1360.79 610.742
2846.1 1950.02 2987.32 2107.3
1085.9 551.213 1284.66 714.146
2829.37 2009.99 2972.41 2168.11
1036.56 552.727 1230.98 715.604
1212.45 988.661 1340.43 1140.12
418.289 5100.53 988.305 5307.76
795.556 1063.14 908.334 1210.8
410.968 1084.01 544.721 1231.71
946.485 704.237 1100.8 858.99
2016.24 5224.83 2325.94 5401.06
617.442 1083.91 739.469 1231.36
705.079 710.906 864.116 865.01
617.442 1083.91 739.469 1231.36
3350.95 5245.32 3658.89 5430.24
2592.14 2367.69 2779.94 2530.91
675.3 729.127 831.617 884.107
191.438 1100.93 342.762 1251.94
3350.95 5245.32 3658.89 5430.24
675.3 729.127 831.617 884.107
290.128 1112.52 431.544 1262
3298.62 2423.94 3498.94 2591.36
1096.77 725.984 1248.39 883.639
866.641 340.059 1149.19 514.031
1221.82 733.212 1395.07 891.155
3284.41 2485.7 3490.35 2654.21
726.839 1116.15 836.962 1261.59
1134.74 765.337 1282.1 920.334
594.351 1118.68 715.844 1265.16
95.7347 777.996 299.166 936.939
623.52 784.206 775.609 936.115
462.838 1127.19 591.612 1275.39
1997.54 394.314 2217.92 562.944
462.838 1127.19 591.612 1275.39
640.748 823.582 784.891 977.471
462.838 1127.19 591.612 1275.39
568.555 829.179 717.187 981.689
494.044 1127.2 621.188 1274.67
584.298 843.294 730.012 995.886
2330.42 2728.17 2488.67 2885.34
833.161 846.561 968.054 998.203
494.044 1127.2 621.188 1274.67
1053.89 843.326 1189.56 996.528
2319.23 842.917 2487.2 1003.99
2457.71 2758.9 2637.34 2919.13
2319.23 842.917 2487.2 1003.99
1130.11 506.458 1351.61 673.274
305.206 2778.69 460.084 2925.24
723.349 860.59 860.429 1012.08
723.349 860.59 860.429 1012.08
1157.89 857.935 1298.71 1011.3
3183.77 2775.9 3380.39 2941.62
130.267 1180.87 282.985 1331.11
309.583 2818.09 465.376 2965.52
624.891 1221.79 730.343 1366.02
604.367 880.674 745.584 1031.76
373.055 895.148 526.65 1047.89
694.119 1246.47 794.935 1390.49
2747.38 2824.29 2955.24 2994.15
405.929 894.136 558.586 1045.61
251.18 1250.5 388.509 1398.6
2747.38 2824.29 2955.24 2994.15
434.685 897.04 585.344 1048.17
482.558 915.068 625.623 1065.35
251.18 1250.5 388.509 1398.6
1033.94 2881.21 1151.19 3026.3
1091.61 574.34 1285.15 740.129
2800.87 2878.92 3006.3 3044.7
1105.28 936.311 1232.79 1088.26
3147.12 1271.26 3407.15 1447.19
645.963 2911.87 771.295 3055.63
1207.83 940.628 1342.83 1092.88
1077.1 625.038 1251.78 783.69
198.867 1354.39 331.563 1502.94
593.202 944.967 727.266 1095.26
344.704 1360.9 463.448 1507.6
668.395 2937.48 789.637 3081.16
3205.61 1333.2 3474.71 1513.94
1078.1 2960.29 1206.47 3106.52
560.445 965.727 694.363 1116.01
542.626 988.552 675.899 1137.93
1079.86 983.42 1201 1134.24
294.505 1401.67 411.893 1546.58
1219.1 1014.45 1346.21 1165.5
439.241 1444.29 536.405 1587.44
1096.77 725.984 1256.89 886.152
1219.1 1014.45 1346.21 1165.5
2921.88 3202.87 3157.2 3373.66
1321.55 1453.2 1422.84 1598.83
756.026 1036.98 874.328 1185.26
654.797 746.269 808.432 902.04
306.668 1461.26 417.401 1603.84
1195.46 1045.52 1318.29 1195.77
2824.91 1441.87 2973.77 1602.15
2960.78 3389.2 3196.99 3560.66
607.939 834.316 755.119 986.357
1235.92 1047.43 1358.75 1199.14
2225.87 1048.49 2367.56 1204.62
532.294 3475.25 680.484 3620.75
612.456 1472.33 698.187 1613.72
532.294 3475.25 680.484 3620.75
182.361 1076.86 334.207 1227.82
532.294 3475.25 680.484 3620.75
746.596 900.697 878.394 1051.05
79.3345 1470.28 216.561 1617.11
465.468 1082.66 595.977 1231.93
2974.27 3490.39 3207.12 3661.91
580.001 1095.67 704.039 1243.63
1020.35 905.328 1149.12 1056.96
712.092 3518.9 849.818 3664.73
580.001 1095.67 704.039 1243.63
909.498 924.522 1039.12 1074.39
140.857 1469.56 270.564 1617.68
2986.75 3592.22 3218.18 3763.61
112.187 1488.65 243.906 1637.08
764.015 1147.06 868.775 1292.74
503.744 1155.63 629.262 1302.27
625.601 3692.84 774.225 3838.52
360.497 1160.35 493.052 1308.13
2896.23 3681.23 3136.69 3851.19
306.334 1180.43 443.23 1328.37
3006.06 3688.9 3237.52 3858.78
418.385 1016.27 559.924 1164.72
781.12 1187.03 881.644 1331.85
2543.11 3703.04 2732.48 3864.1
1130.89 1203.03 1230.88 1349
804.208 1098.77 909.698 1244.04
718.384 1230.44 820.912 1371.88
1331.53 3744.72 1435.14 3888.37
92.4654 1530.27 224.608 1676.65
284.533 1257.21 417.574 1404.62
3008.44 3727.61 3240.52 3898.42
315.596 1255.49 445.282 1402.51
350.313 1129.44 486.725 1277.45
448.977 1259.6 569.089 1406.13
721.19 1260.79 816.628 1405.86
2504.88 1536.95 2614.14 1688.62
305.665 1141.45 445.744 1289.99
224.12 1263.2 364.199 1411.86
2572.3 1565.74 2685.96 1720.61
669.297 1275.07 767.358 1418.6
441.777 1284.06 558.448 1430.23
470.102 1297.72 582.098 1441.11
2552.64 3894.47 2756.25 4057.65
3305.11 1552.85 3588.97 1734.09
470.102 1297.72 582.098 1441.11
3227.55 1260 3500.6 1438.8
1591.77 1595.3 1684.97 1740.04
520.452 1308.98 624.792 1453.1
197.739 1307.08 334.311 1454.57
1544.04 1600.83 1640.38 1746.37
333.928 1195.68 471.296 1336.19
491.724 1312.03 598.36 1456.72
3210.8 4040.23 3452.48 4213.53
491.724 1312.03 598.36 1456.72
253.025 1621.22 356.858 1762.33
561.239 1316.82 661.584 1460.46
278.364 1205.33 419.463 1349.39
561.239 1316.82 661.584 1460.46
1926.89 1620.91 2010.49 1767.58
2185.47 1321.19 2284.1 1470.27
352.672 1334.03 472.913 1479.84
2760.61 1320.81 2926.49 1481.9
3228.04 1298.9 3497.84 1478.02
1922.18 4213.89 2070.51 4366.48
2222.8 1340.24 2321.49 1488.95
549.466 1233.57 658.26 1381.04
3235.19 1337.52 3507.9 1515.69
2096.21 1650.68 2187.76 1798.15
2979.5 1380.3 3168.16 1545.94
509.226 1252.57 622.844 1398.72
394.698 1413.7 498.844 1557.32
2017.02 1258.63 2112.02 1406.94
70.8565 1705.4 192.684 1849.88
462.051 1416 560.09 1559.71
70.8565 1705.4 192.684 1849.88
2017.02 1258.63 2112.02 1406.94
464.098 1460.96 559.296 1603.4
3192.35 1250.34 3466.11 1427.84
1570.37 1472.82 1661.01 1619.33
3177.44 5267.24 3489.84 5451.61
3177.44 5267.24 3489.84 5451.61
3344.71 1491.24 3628.43 1670.74
313.832 1349.7 435.669 1495.92
1587.44 1534.51 1678.95 1680.2
1963.28 1746.06 2049.86 1893.18
3327.02 1515.71 3612.12 1696.51
141.933 1370.73 277.813 1520.03
1574.66 1559.73 1666.77 1705.17
1965.75 1775.11 2055.34 1921.39
1205.66 1418.4 1294.19 1563.71
1072.16 489.003 1289.4 654.718
2864.64 1404.87 3029.9 1566.34
3331.84 1545.86 3616.28 1729.9
782.502 1804.26 856.402 1943.81
1184.89 606.782 1381.39 768.223
1622.37 1586.44 1713.06 1731.58
1622.37 1586.44 1713.06 1731.58
1184.89 606.782 1381.39 768.223
248.713 1593.08 355.901 1735.6
739.74 665.198 904.758 821.124
2258.39 1587.94 2350.18 1736.22
381.967 1964.42 479.597 2105.48
1913.9 1595.03 1998.37 1740.63
739.74 665.198 904.758 821.124
2125.3 1596.55 2213.23 1743.66
2093.38 2066.18 2214.75 2217.61
401.741 1441.48 503.197 1585.03
2808.19 1587.25 2958.64 1744.73
2866.68 2085.45 3015.57 2242.66
1179.08 684.161 1357.56 843.788
2604.14 2108.73 2753.6 2267.18
1198.82 708.63 1377.93 864.839
3276.58 1412.23 3551.64 1592.01
149.794 1624.45 265.848 1769.21
669.111 807.227 814.674 960.241
3015.17 2125.18 3201.63 2277.41
669.111 807.227 814.674 960.241
3111.99 1437.38 3347.73 1610.01
2771.04 2255.94 2924.28 2414.6
822.13 819.031 959.744 970.884
2783.39 2287.14 2938.93 2445.58
1035.77 818.034 1176.13 969.916
488.691 1495.91 580.202 1637.63
1097.41 833.107 1236.08 985.521
2458.06 1483.33 2563.25 1634.69
458.113 844.426 610.68 998.311
2541.21 2461.24 2731.52 2623.78
1001.94 843.382 1139.52 995.207
2459.23 1522.73 2565.56 1673.35
1247.93 857.085 1398.48 1012.49
619.332 2533.56 731.508 2676.58
467.689 1534.37 557.858 1675.43
879.376 864.416 1012.14 1015.64
879.376 864.416 1012.14 1015.64
467.689 1534.37 557.858 1675.43
1122.64 2644.56 1214.71 2786.12
966.59 864.035 1099.75 1018.62
2660.86 1532.56 2786.01 1687.48
776.654 872.812 911.99 1023.47
2557.42 1538.96 2672.9 1691.79
238.313 2676.54 406.148 2824.18
1530.4 1571.21 1625.13 1717.31
2432.79 2770.25 2609.78 2930.28
321.471 1578.39 420.527 1720.24
2882.28 1569.65 3046.06 1730.07
2139.68 2783.28 2265.18 2934.11
204.932 1620.13 312.52 1763.59
2702.82 2796.03 2910.8 2962.83
2553.57 1679.47 2674.47 1832.78
2775.52 2812.89 2979.28 2978.32
2747.38 2824.29 2954.34 2993.13
2747.38 2824.29 2954.34 2993.13
1815.46 2849.69 1951.58 3001.16
229.573 1734.66 329.015 1875.42
1926.16 1761.18 2013.38 1906.93
2421.45 2871.57 2598.02 3028.75
104.939 2887.43 301.852 3039.13
3329.24 1775.02 3584.66 1944.07
2527.98 2882.23 2707.61 3044.38
1742.6 1868.03 1851.35 2016.84
590.292 1887.87 675.036 2027.35
590.292 1887.87 675.036 2027.35
837.977 3120.81 963.319 3265.18
837.977 3120.81 963.319 3265.18
75.699 1893.52 190.876 2034.71
1223.84 3157.75 1350.38 3303.57
3387.49 3192.79 3611.1 3363.7
3008.83 2096.64 3169.96 2257.36
3387.49 3192.79 3611.1 3363.7
3366.95 3252.45 3594.38 3424.25
705.33 3289.96 847.56 3435.92
3015.17 2125.18 3179.13 2286.88
705.33 3289.96 847.56 3435.92
3015.17 2125.18 3179.13 2286.88
2643.48 3283.25 2843.8 3448.78
2584.41 2175.75 2735.35 2332.52
2636.18 2199.69 2788.98 2359.07
2671.53 3690.94 2769.44 3631.25
1798.95 3530.12 1915.7 3676.97
2995.88 2361.72 3174.47 2525.29
1798.95 3530.12 1915.7 3676.97
3221.45 2365.79 3415.95 2532.3
3221.45 2365.79 3415.95 2532.3
1137.5 2407.93 1231.08 2550.26
1817.02 3604.79 1931.67 3752.42
630.263 2505.57 743.467 2649.29
630.263 2505.57 743.467 2649.29
2419.51 3798.09 2592 3956.73
232.401 2614.57 400.098 2763.81
790.134 2678.8 892.504 2820.72
107.036 2846.91 299.13 2999.52
683.878 3095.81 816.748 3240.65
3024.95 3540.33 3257 3710.96
2896.66 3563.25 3136.05 3734.22
1823.12 3617 1936.77 3761.84
3007.7 3622.62 3239 3794.02
3001.11 3784.14 3239.81 3952.39
2625.91 4097.83 2917.19 4275.76
2327.09 4765.37 2614.28 4942.35
2726.25 2069.84 2867.78 2226.15
540.478 1478.11 630.749 1619.94
2893.13 2160.41 3048.4 2319.27
1555.91 345.097 1791.13 516.555
433.632 1491.98 529.025 1633.29
1866.8 390.813 2086.07 559.929
2636.18 2199.69 2790.17 2360.28
1148.46 553.103 1355.51 710.732
1068.29 461.227 1286.23 622.222
1572.74 1487.04 1664.22 1632.52
1230.69 2353.27 1322.52 2495.86
1114.01 471.526 1339.67 635.128
3369.33 1450.54 3655.28 1633.76
1230.69 2353.27 1322.52 2495.86
2757.59 1479.34 2896.18 1637.22
1246.35 685.908 1425.98 845.669
2809.81 1509.47 2958.79 1667.69
374.668 954.123 523.743 1104.02
1091.61 574.34 1285.36 741.552
128.07 1569.05 252.185 1714.82
1136.11 633.094 1315.05 793.683
548.414 1034.82 678.402 1182.82
1775.33 1569.29 1860.71 1716.39
682.409 840.936 824.369 993.341
360.886 2803.65 504.993 2952.22
682.409 840.936 824.369 993.341
2195.42 1589.94 2284.86 1736.93
1016.45 859.992 1148.29 1011.04
360.886 2803.65 504.993 2952.22
1112.27 1091.27 1224.94 1234.78
529.823 2809.26 649.386 2952.17
2289.12 1083.68 2433.21 1241.56
3315.72 1589.57 3601.76 1770.51
1159.33 2899.89 1285.57 3047.27
2951.32 2967.9 3156.54 3134.23
2137.25 1633.74 2227.12 1780.55
3122.4 1134.07 3402.32 1314.25
685.362 1157.39 791.291 1303.14
998.348 3038.48 1124.17 3183.95
2710.75 1628.15 2843.79 1784.76
768.47 3116.95 897.077 3261.42
3122.4 1134.07 3402.32 1314.25
642.276 1260.14 743.195 1404.74
3304.56 1684.34 3593.53 1876.5
642.276 1260.14 743.195 1404.74
768.47 3116.95 897.077 3261.42
1262.46 3145.04 1382.77 3289.1
1137.8 1362.14 1224.3 1506.37
872.462 3331 1007.37 3475.94
2754.9 1435.7 2892.11 1592.72
1673.1 1848.33 1779.34 1995.71
1178.13 1493.55 1260.19 1637.48
350.903 1271.14 480.925 1415.55
1505.24 1520.73 1601.88 1665.78
422.857 1856.21 510.491 1996.12
467.689 1534.37 557.376 1675.89
1429.39 1325.66 1530.82 1470.88
1620.62 1886 1724.55 2034.23
2557.42 1538.96 2671.59 1692.22
2928.23 1542.79 3096.63 1707.17
2625.91 4097.83 2917.86 4276.18
579.691 1937.39 667.054 2076.84
2928.23 1542.79 3096.63 1707.17
395.783 1344.69 515.264 1482.14
2665.44 1992.59 2806.98 2150.65
2839.26 1561.73 2993.07 1722.27
2839.26 1561.73 2993.07 1722.27
3368.6 2404.26 3571 2573.63
2732.31 1583.46 2865.03 1738.54
2313.93 4584.41 2590.63 4758.58
3062.88 1394.4 3284.73 1565.84
88.1286 1634.38 213.103 1778.44
3270.32 1598.2 3545.89 1778.69
585.07 5097.49 1170.05 5306.92
3312.65 5314.86 3614.41 5499.45
1062.28 1658.07 1137.79 1799.29
3238.43 1617.24 3510.31 1805.4
755.564 2719.97 860.508 2862.1
2444.55 1662.14 2552.5 1813.31
870.198 831.703 1005.57 987.94
2444.55 1662.14 2552.5 1813.31
1364.77 1486.53 1466.77 1633.08
2570.96 2768.29 2763.3 2931.38
1103.33 913.891 1236.77 1064.96
1869.02 1696.84 1955.78 1842.78
1017.16 2907.02 1132.03 3051.62
1103.33 913.891 1236.77 1064.96
924.555 1779.92 998.558 1920.93
1064.19 1708.33 1145.03 1846.5
1017.16 2907.02 1132.03 3051.62
1046.08 952.39 1173.67 1100.68
2824.81 1690.03 2985.84 1855.53
3004.44 2943.32 3207.84 3110.03
3223.51 1688.17 3440.42 1856.69
3284.53 1722.33 3561.83 1913.69
1783.3 3047.86 1916.32 3195.69
1742.6 1868.03 1850.6 2015.65
763.497 967.388 888.663 1117.39
2048.65 1800.75 2143.05 1945.03
1816.54 3141.59 1946.97 3291.16
935.411 962.73 1057.53 1116.79
2564.71 1941.64 2705.43 2097.17
2853.54 997.296 3097.91 1171.82
1613.1 1815.53 1721.65 1963.75
638.722 3370.76 782.447 3516.59
1270.1 1103.62 1388.73 1254.04
462.174 1168.4 585.638 1316.82
638.722 3370.76 782.447 3516.59
1804.61 1885.49 1913 2037.22
674.676 1209.24 778.285 1353.89
3096.1 3412.79 3329.45 3589.4
683.687 1289.31 779.562 1435.53
1801.21 3475.87 1918.93 3624
283 1391.07 407.666 1534.11
2403.99 1880.42 2546.3 2037.5
3403.48 3483.08 3644.05 3657.47
3101.81 1375.13 3335.27 1544.03
1784.04 3745.02 1879.88 3888.99
3033.98 3873.82 3270.9 4044.04
1301.65 3939.43 1429.69 4086.24
1301.65 3939.43 1429.69 4086.24
158.161 2194.29 289.8 2338.38
1268.37 4018.28 1398.49 4161.41
158.161 2194.29 289.8 2338.38
1210.54 4061.55 1344.42 4208.66
2865.27 2233.13 3024.76 2390.27
2648.99 4043.9 2937.92 4222.69
2789.71 2253.14 2943.9 2410.17
2430.16 4361.25 2707.29 4533.79
382.672 2540.79 520.896 2687.44
3378.37 2548.72 3589.28 2715.84
2124.12 5188.37 2430.07 5365.25
1400.64 2657.78 1491.9 2800.33
1513.81 2733 1606.78 2875.87
2905.14 2824.21 3106.25 2989.28
2031 2995.02 2171.31 3148.54
1048.51 3058.52 1178.84 3203.7
1753.72 3097.26 1881.91 3246.8
1753.72 3097.26 1881.91 3246.8
929.67 3144.82 1056.66 3290.48
1005.92 3151.44 1135.05 3299.38
3132.34 3264.02 3359.48 3435.32
1800.59 3296.69 1921.42 3441.46
674.974 3760.61 824.513 3904.79
2862.35 4507.21 3177.2 4689.76
3288.04 4838.94 3611.04 5019.79
2274.59 5009.94 2572.37 5187.15
508.463 960.376 647.777 1108.97
738.568 2653.5 842.309 2796.69
1272.04 1454.93 1366.6 1599.12
774.466 1043.42 886.57 1191.32
1263.04 2687.7 1354.24 2828.12
1566.68 1816.42 1665.93 1966.08
689.771 1115.38 800.638 1260.9
2273.52 2698.61 2418.9 2852.82
1595.65 1678.3 1693.1 1824.39
701.306 1206.02 805.19 1351.54
1788.81 3216.53 1912.95 3367.15
701.306 1206.02 805.19 1351.54
573.736 1207 682.637 1353.87
2440.77 1782.73 2583.52 1936.84
3021.78 3454.6 3255.39 3625.93
1800.79 1985.77 1907.23 2082.44
652.387 3623.31 797.832 3772.39
395.783 1344.69 515.832 1483.79
2768.64 2130.33 2922.63 2286.81
1815.32 3782.67 1927.26 3934.87
2076.19 2477.9 2185.75 2625.56
2970.04 2274.11 3137.92 2435.95
352.917 1492.2 455.61 1641.12
2590.16 2480.34 2785.53 2651.07
3289.85 1507.36 3569.79 1687.5
1816.48 2619.3 1917.86 2755.11
3201.23 1535.81 3458.14 1712.22
1153.24 4115.94 1295.32 4266.38
1097.22 2611.65 1189.12 2752.64
3140.01 1573.95 3343.42 1732.81
805.281 2899.83 918.993 3043.07
1153.24 4115.94 1295.32 4266.38
349.058 4184.72 623.864 4354.99
1938.44 1696.32 2025.23 1841.81
805.281 2899.83 918.993 3043.07
2198.97 2602.79 2318.56 2753.74
520.874 1869.92 607.569 2010.63
2812.97 3194.76 3052.14 3370.16
1182.01 1893.23 1283.13 2040.31
1804.61 1885.49 1913.25 2040.11
2915.97 3299.82 3154.12 3473.76
3584.25 3548.24 3664.33 5172.01
2849.9 1941.85 2993.25 2101
1232.52 3607.63 1355.44 3750.41
2607.48 2033.03 2754 2191.51
1999.19 4030.27 2147.59 4183.48
2614.06 2151.95 2765.27 2308.56
1022.53 711.425 1179.83 856.654
2614.06 2151.95 2765.27 2308.56
1988.72 4150.92 2143.46 4305.15
2445.93 2158.57 2601.19 2320.5
1352.09 1221.69 1462.14 1367.74
1189.92 4232.05 1343.28 4386.59
1259.61 1242.78 1365.19 1386.49
807.24 3220.27 942.299 3366.88
644.438 975.648 776.587 1120.35
280.916 1315.37 410.857 1461.29
307.981 1057.48 448.981 1207.55
1357.23 1401.87 1458.9 1545.86
646.829 3426.33 792.449 3563.12
3151.27 1385.43 3422.31 1572.09
420.5 1184.22 547.501 1329.19
646.829 3426.33 792.449 3563.12
420.5 1184.22 547.501 1329.19
514.784 3584.81 668.763 3729.18
1500.4 1435.9 1598.48 1581.78
215.724 1480.55 343.891 1607.44
215.724 1480.55 343.891 1607.44
1195.55 3943.38 1327.85 4087.15
2022.91 1604.85 2110.88 1747.34
1303.38 4161.26 1465.67 4315.66
2022.91 1604.85 2110.88 1747.34
1303.38 4161.26 1465.67 4315.66
248.729 1680.74 351.388 1824.38
1744.63 4447.02 1889.45 4597.6
2279.96 4771.69 2568.08 4949.31
2110.59 5097.59 2412.32 5270.17
3098.64 4525.49 3439.06 4723.74
3043.89 3252.95 3280.81 3431.2
880.024 895.473 1019.17 1035.75
682.134 1744.81 785.49 1846.33
880.024 895.473 1019.17 1035.75
991.46 1019.73 1109.5 1169.09
1759.04 3797.21 1876.67 3946.06
92.6205 1334.11 232.763 1488.75
1759.04 3797.21 1876.67 3946.06
1426.47 1844.28 1531.92 1996.08
1351.26 979.184 1482.76 1133.6
1671.38 1523.78 1760.05 1663.52
1341.83 3826.17 1451.26 3966.12
1952.95 1897.8 2073.1 2048.78
2689.24 1426.6 2823.86 1584.27
1559.86 3881.36 1676.07 4024.33
227.639 2456.24 354.166 2602.11
2591.98 1889.62 2738.17 2046.41
1559.86 3881.36 1676.07 4024.33
2470.41 2049.43 2615.96 2207.53
2591.98 1889.62 2738.17 2046.41
1191.91 3945.17 1316.95 4087.33
2470.41 2049.43 2615.96 2207.53
1848.21 2748.17 1962.12 2900.91
1191.91 3945.17 1316.95 4087.33
1800.79 1985.77 1911.25 2152.37
2769.9 2390.45 2961.39 2559.95
2339.97 2425.95 2471.83 2578.04
335.016 3179.52 503.448 3319.88
1122.83 3095.41 1254.82 3195.49
1082.65 2598.84 1127.46 2712.4
3097.01 3053.03 3306.84 3220.01
1564.28 3632.08 1664.95 3765.32
2579.4 4003.13 2815.79 4215.65
2024.56 3782.72 2157.94 3938.04
1506.28 4651.01 1645.59 4797.28
2703 4221.29 2985.18 4407.45
2676.72 1675.19 2823.02 1832.51
2317.36 4373.44 2557.73 4547.42
2676.72 1675.19 2823.02 1832.51
1750.28 4655.81 1914.19 4805.62
