2520.14 1680.1 2040.66 1820.52
2046.47 1381.45 1553.57 1522.31
971.526 1121.69 488.949 1268
636.234 1185.61 189.686 1335.98
2396.25 1457.71 1897.47 1597.2
1065.58 1303.7 541.606 1442.03
2416.41 1471.95 1918.45 1611.07
3106 2099.07 2153.95 1636.04
2016.45 1383.89 1525.5 1525.33
2465.85 1590.29 1974.76 1729.7
637.014 1405.88 164.967 1551.22
637.014 1405.88 164.967 1551.22
2474.78 1604.18 1985.61 1743.74
1214.25 922.537 733.359 1069.75
2085.19 1426.45 1590.89 1566.74
3180.88 1904.19 2824.43 2059.27
1241.74 1035.9 743.36 1179.65
1442.29 502.821 1070.84 668.918
1740.79 4095.14 1372.81 4235.77
1009.91 789.385 565.394 943.914
2934.52 1145.53 2546.26 1300.6
1471.97 581.888 1069.38 742.165
992.422 793.764 551.409 947.173
1056.6 619.281 642.835 779.017
753.688 811.514 332.88 969.758
1606.4 634.525 1225.38 797.303
1097.53 1182.83 583.67 1324.11
808.948 834.868 377.818 990.548
1223.85 683.497 789.222 839.015
760.484 840.121 335.21 996.352
1097.53 1182.83 583.67 1324.11
1292.68 730.494 849.021 884.732
880.789 733.388 461.164 890.49
650.846 1175.97 202.841 1326.48
1194.68 846.127 729.342 997.007
1443.53 744.572 999.884 898.139
816.824 846.497 383.742 1002.14
803.588 757.293 385.812 915.698
745.539 1187.55 281.861 1335.77
1263.71 859.29 798.359 1009.18
808.602 769.484 388.123 926.911
808.602 769.484 388.123 926.911
1295.31 832.405 835.145 983.193
940.31 81.9012 2983.3 1360.2
1682.02 860.78 1241.26 1013.63
1193.33 868.72 725.274 1017.18
777.553 884.242 342.798 1039.57
688.166 1215.85 228.574 1362.66
777.553 884.242 342.798 1039.57
877.803 927.334 425.432 1080.25
1009.74 974.541 544.865 1123.84
688.166 1215.85 228.574 1362.66
1188.02 892.6 714.846 1041.45
930.48 989.93 470.957 1139.77
443.557 1000.75 38.0688 1159.51
1610.7 916.737 1145.9 1065.48
613.186 1223.95 167.042 1373.76
871.679 913.782 423.075 1067.76
791.353 1070.07 335.121 1220.5
1206.67 1082.28 703.045 1224.89
1639.52 924.208 1172.76 1073.55
968.768 1132.26 480.537 1276
545.315 1238.64 103.308 1389.81
1639.52 924.208 1172.76 1073.55
953.716 1243.02 448.367 1383.64
953.716 1243.02 448.367 1383.64
612.249 1248.13 160.219 1397.39
893.943 931.806 442.722 1083.58
936.508 1250.37 431.087 1392.16
893.943 931.806 442.722 1083.58
667.994 1249.96 206.296 1398.63
997.232 1271.45 480.369 1412.3
839.519 945.985 390.729 1098.52
922.628 1263.51 418.138 1404.02
821.133 949.317 376.901 1100.47
2016.45 1383.89 1525.75 1525.39
1006.54 986.135 542.67 1135.38
946.838 1271.47 437.313 1412.84
965.254 1394.88 439.267 1532.74
978.516 1393.34 452.33 1531.74
2975.25 969.068 2680.36 1138.2
2659.81 1403.8 2170.89 1544.25
588.72 1272.81 136.532 1422.21
2975.25 969.068 2680.36 1138.2
2088.01 1416.25 1593.3 1556.77
1754.09 266.237 1481.17 446.166
606.864 1290.94 149.652 1440.11
990.373 1002.96 525.432 1152.12
1754.09 266.237 1481.17 446.166
2428.54 1437.08 1926.85 1575.84
1017.48 1445.88 483.614 1581.63
971.398 1301.18 454.679 1441.04
984.295 1059.58 511.504 1207.12
2441.36 1444 1941.85 1583.33
812.179 275.62 535.83 456.973
997.793 1450.18 465.932 1586.12
2598.99 1444.9 2109.09 1585.08
791.353 1070.07 335.072 1220.58
1010.57 1456.53 477.297 1592.37
624.037 1296.68 167.923 1443.92
939.744 1074.95 470.794 1223.45
2402.52 1477.66 1902.87 1616.94
2403.74 1489.75 1904.9 1628.82
1246.23 1096.04 737.32 1238.36
2700.71 1491.49 2224.95 1633.2
1126.51 1313 598.633 1450.62
652.701 1086.75 215.643 1240.51
1008.67 1323.12 486.467 1461.89
2470.47 1614.48 1981.31 1754.26
1667.43 1121.14 1165.15 1263.03
3407.36 1269.6 3334.84 1466.13
735.765 1125.45 283.274 1276.52
3097.9 1960.86 2741.19 2115.6
590.489 311.16 328.087 492.267
3018.77 2122.83 2685.53 2279.96
872.161 2242.35 437.805 2385.25
686.897 1146.99 236.03 1299.38
872.161 2242.35 437.805 2385.25
1320.22 312.149 1039.67 492.314
506.038 1347.89 64.2479 1498.52
1226.71 2705.37 777.731 2843.33
798.113 1171.49 328.663 1319.27
1471.3 2960.98 1055.89 3102.14
622.934 1201.17 175.437 1351.58
702.321 1221.52 239.648 1369.81
647.046 1230.9 192.217 1380.09
597.364 1361.92 134.951 1508.33
927.971 1237.43 427.467 1379.91
1101.83 1371.53 568.533 1509.07
788.129 1240.42 310.435 1385.67
726.35 1246.23 254.228 1392.43
507.025 1367.74 65.1821 1516.99
964.922 1253.03 456.35 1394.36
1488.96 375.623 1201.27 550.469
507.025 1367.74 65.1821 1516.99
2002.92 1375.97 1511.16 1517.42
1324.64 298.65 1048.09 477.698
709.06 1275.27 236.206 1421.53
2002.92 1375.97 1511.16 1517.42
452.821 296.327 235.599 484.716
871.679 913.782 3094.97 1420.67
1065.58 1303.7 541.203 1440.56
620.704 1373.07 151.052 1520.15
685.396 1315.03 212.617 1461.19
2060.15 1386.72 1564.92 1526.83
2019.3 1371.25 1526.77 1512.9
641.417 1373.61 170.362 1519.45
2060.15 1386.72 1564.92 1526.83
1973.42 1378.89 1483.59 1520.52
1331.28 385.743 996.836 556.242
2288.95 1381.83 1784.14 1521.24
2394.27 1390.29 1889.89 1529.23
2794.63 535.082 2573.99 717.498
661.391 1378.54 187.198 1524.9
818.597 1407.13 308.377 1547.48
661.391 1378.54 187.198 1524.9
2794.63 535.082 2573.99 717.498
2396.4 1412.93 1893.05 1551.86
1370 539.75 974.675 701.343
1370 539.75 974.675 701.343
2396.4 1412.93 1893.05 1551.86
1988.42 1385.21 1499.24 1527.58
1594.12 588.431 1229.64 754.106
1980.08 1397.74 1491.42 1539.65
1033.54 599.891 625.642 760.694
2596.1 1400.03 2100.75 1539.61
1492.78 584.527 1091.09 745.926
2067.95 1417.69 1573.98 1558.01
1436.12 642.524 1012.66 799.456
1971.19 1415.17 1485.49 1558.01
3521.12 1362.42 3492.89 1564.01
1250.86 660.883 817.21 817.576
1326.79 634.221 899.846 791.385
1636.27 668.613 1245.58 829.552
996.812 1428.4 464.944 1565.39
980.748 1444.85 450.33 1581
1241.43 696.247 801.247 850.59
1523.89 645.293 1108.14 804.377
2724.25 1430.85 2244.12 1572.75
889.605 693.245 475.968 852.428
849.065 699.455 436.798 858.931
1682.69 1468.05 1155.94 1603.57
1495.22 701.842 1063.15 858.966
2062.08 1438.02 1570.35 1578.96
922.497 702.857 503.463 861.125
2575.87 1472.77 2085.82 1613.05
2417.6 1444.18 1916.47 1583.94
963.832 673.943 544.506 832.248
2417.6 1444.18 1916.47 1583.94
1005.02 706.678 578.046 864.294
1032.74 1449.96 496.429 1585.49
1005.02 706.678 578.046 864.294
1977.48 1452.55 1494.97 1593.91
1285.6 709.492 842.642 863.766
2078.57 1481.96 1588.75 1622.54
794.41 1459.92 283.645 1600.53
1057.5 710.988 625.232 866.534
1458.39 682.983 1029.22 838.489
2609.48 1503.01 2123.91 1644.14
543.694 1458.24 81.7467 1603.34
956.079 716.044 533.715 872.584
847.17 1469.84 329.467 1608.46
913.46 687.548 495.252 843.197
822.525 714.842 408.901 874.847
1543.49 1477.37 995.315 1610.6
1252.05 720.56 806.925 875.242
1002.3 722.141 572.211 877.957
904.173 726.507 481.488 884.824
2283.6 1527.56 1784.97 1666.22
1437.3 729.435 996.639 883.438
967.067 696.318 545.705 853.389
1178.25 741.741 734.639 895.841
1198.58 700.825 760.278 855.733
2433.09 1503.28 1936.83 1642.51
1458.45 743.792 1016.38 898.279
2450.76 1525.47 1956.59 1664.85
1609.88 1556.21 1078.48 1691.15
1025.45 748.043 588.077 903.363
855.694 714.228 438.289 873.224
755.977 1601.61 241.479 1739.94
2723.92 1549.51 2255.93 1691.79
1894.54 762.505 1474.81 918.266
1072.44 1622.86 527.243 1755.67
1271.23 721.893 827.171 875.962
1163.08 781.341 713.17 934.831
1163.08 781.341 713.17 934.831
2336.67 1568.73 1842.72 1708.01
821.584 779.317 398.311 936.744
3204.71 1840.99 2844.04 1995.97
837.591 751.309 418.476 908.292
3080.44 1932.67 2719.07 2087.38
2451.73 1580.9 1959.11 1719.9
2976.65 1981.9 2629.51 2137.66
837.249 785.403 412.387 941.464
908.654 758.255 482.558 915.068
2451.73 1580.9 1959.11 1719.9
2952.44 2004.49 2606.3 2161.79
781.31 760.296 364.983 919.261
2978.33 2016.76 2631.55 2172.78
846.639 765.142 423.165 922.891
1747.99 2583.58 1260.56 2717.39
888.419 822.356 453.691 977.635
2904.68 2590.38 2679.01 2759.71
864.204 2661.81 433.967 2802.95
1314.1 830.643 853.964 979.7
1322.29 2697.15 870.993 2834.91
3178.8 1876.23 2818.61 2031.35
1402.06 2706.41 953.437 2844.84
1554.06 828.346 1102.47 980.305
3178.8 1876.23 2818.61 2031.35
1471.66 2986.59 1059.59 3127.96
1537.32 830.765 1079.86 983.42
1085.63 3152.18 688.9 3294.24
1181.33 835.51 717.411 986.305
1181.33 835.51 717.411 986.305
2943.94 1990.31 2594.58 2143.79
2943.94 1990.31 2594.58 2143.79
1359.64 843.593 892.827 992.963
1184.06 856.937 714.572 1005.72
1622.2 867.499 1168 1017.77
2966.38 2025.28 2621.9 2183.08
1300.08 875.82 829.472 1023.99
2590.44 877.697 2199.02 1035.62
2950.83 2067.12 2611.63 2223.34
1590.59 893.043 1128.92 1041.37
3086.09 2108.36 2750.05 2266
863.013 895.808 419.802 1048.44
661.002 2293 262.812 2441.21
1636.16 904.094 1174.61 1054.33
3560.56 2412.75 3365.1 2586.32
922.229 909.43 470.35 1061.26
1685.41 916.986 1233.54 1068.09
1674.07 929.048 1211.72 1078.62
813.934 2673.57 391.757 2816.65
835.42 929.671 388.282 1082.26
2725.18 2666.17 2433.33 2826.21
1702.8 954.233 1240.15 1102.82
2821.21 2676.32 2551.73 2839.18
2745.85 2747.71 2449.37 2906.1
834.678 973.927 385.815 1125.49
1103.25 985.622 621.331 1133.24
3263.66 2740.02 3034.91 2907.44
1212.99 997.648 717.918 1143.04
1794.02 1001.25 1333.27 1149.75
1794.02 1001.25 1333.27 1149.75
3019.19 3020.59 2869.22 3197.91
701.077 1007.19 264.213 1159.55
925.3 3061.51 542.474 3205.7
1267.52 1021.46 767.669 1165.94
1267.52 1021.46 767.669 1165.94
1095.03 3166.08 697.524 3307.94
437.65 1013.22 33.8905 1171.74
1095.03 3166.08 697.524 3307.94
1193.43 1027.54 697.558 1171.7
2956.07 3165.65 2813.83 3342.93
713.222 1036.77 272.969 1189.41
3683.14 3236.38 3547.02 3414.41
965.43 1054.65 493.482 1203.57
1103.76 1059.04 608.46 1204.3
1225.18 1086.09 718.384 1230.44
791.279 1084.97 335.988 1236.14
633.206 1111.23 199.201 1262.84
649.752 1137.3 211.319 1289.61
2631.49 3784.27 2335.6 3937.95
3334.52 1106.3 3228.04 1298.9
3357.49 3846.02 3221.43 4021.84
3085.13 5084.09 3111.49 5277.65
3545.37 5328.98 3524.52 5515.62
3546.78 5411.54 3519.5 5596.99
2947.88 1551.4 2526.22 1701.39
611.378 944.377 191.438 1100.93
728.781 957.788 290.128 1112.52
1062.09 973.28 594.351 1118.68
921.596 974.776 462.838 1127.19
921.596 974.776 462.838 1127.19
2587.06 1771.2 2197.92 1922.36
930.905 221.897 672.395 405.773
3206.39 1794.78 2846.1 1950.02
921.596 974.776 462.838 1127.19
2572.4 470.555 2283.77 645.104
953.877 977.629 494.044 1127.2
1346.84 543.152 946.485 704.237
953.877 977.629 494.044 1127.2
3191.5 1856.76 2829.37 2009.99
1101.67 549.762 705.079 710.906
1016.36 1015.43 545.587 1163.74
549.696 1025.44 130.267 1180.87
1284.15 1041.74 781.12 1187.03
1461.93 2768.2 3646.51 2307.68
1035.96 623.514 623.52 784.206
1640.17 647.329 1257.21 809.984
986.96 671.828 568.555 829.179
3524.46 2253.82 3298.62 2423.94
736.222 1106.18 284.533 1257.21
3499.96 2314.59 3284.41 2485.7
1497.63 431.754 1184.89 606.782
1271.65 691.857 833.161 846.561
1114.62 2419.35 645.188 2556.57
1061.88 580.893 654.797 746.269
1787.24 2458.31 1296.19 2592.42
958.977 1156.83 470.102 1297.72
1160.65 704.721 723.349 860.59
1029.58 675.763 607.939 834.316
1108.76 721.9 671.519 877.672
3414.06 2608.26 3183.77 2775.9
1037.7 725.541 604.367 880.674
823.95 1214.34 344.704 1360.9
3414.06 2608.26 3183.77 2775.9
788.234 735.57 373.055 895.148
2538.09 2636.99 2139.68 2783.28
821.074 736.531 405.929 894.136
3375.79 1187.04 3282.54 1380.08
788.583 2702.07 378.963 2845.45
853.082 740.375 434.685 897.04
1058.42 741.199 618.8 896.806
3184.36 1241.5 2864.64 1404.87
2807.69 2720.84 2527.98 2882.23
637.016 1262.88 180.305 1407.49
3024.06 2709.86 2800.87 2878.92
1194.71 748.944 746.596 900.697
1082.08 2772.77 645.963 2911.87
975.3 1275.1 462.051 1416
1404.68 776.467 952.952 928.38
1111.19 2799.57 668.395 2937.48
1548.48 781.639 1105.28 936.311
1464.37 750.666 1020.35 905.328
1634.26 784.711 1207.83 940.628
952.092 1305.28 439.241 1444.29
2785.92 738.245 2476.93 908.091
1536.63 2969.54 1129.67 3111.54
1195.28 807.753 736.836 959.378
3077.79 3026.29 2921.88 3202.87
1646.3 811.473 1211.14 964.707
2785.92 738.245 2476.93 908.091
990.153 835.556 542.626 988.552
800.196 1320.44 306.668 1461.26
1333.76 841.921 868.453 993.08
904.167 785.851 475.061 943.268
3113.69 3211.94 2960.78 3389.2
1146.14 1334.46 612.456 1472.33
769.787 859.891 339.338 1015.47
1662.84 861.949 1219.1 1014.45
919.357 3332.35 532.294 3475.25
1662.84 861.949 1219.1 1014.45
919.357 3332.35 532.294 3475.25
864.31 792.266 436.39 950.129
1887.89 1363.09 1408.21 1506.91
3625.96 3309.19 3498.08 3488.87
1228.87 887.948 756.026 1036.98
3128.41 3316.43 2974.27 3490.39
1648.66 893.222 1195.46 1045.52
2212.26 3389.65 1798.95 3530.12
548.705 1382.11 92.4654 1530.27
2212.26 3389.65 1798.95 3530.12
1214.25 975.09 726.839 1116.15
1683.37 894.063 1235.92 1047.43
3107.94 3392.65 2951.85 3568.61
2613.74 890.234 2225.87 1048.49
3145.05 3418.51 2986.75 3592.22
602.424 919.268 182.361 1076.86
794.01 980.015 350.313 1129.44
2940.07 1389.52 2504.88 1536.95
921.266 931.483 465.468 1082.66
1250.11 951.859 762.544 1096.95
1123.77 1077.28 624.891 1221.79
3163.75 3513.92 3006.06 3688.9
1261.24 1002.36 764.015 1147.06
1202.25 1105.85 694.119 1246.47
2031.59 1459.66 1544.04 1600.83
3165.63 3552.88 3008.44 3727.61
968.296 1006.59 503.744 1155.63
2422.57 1483.23 1926.89 1620.91
3298.65 1057.96 3192.35 1250.34
1780.47 3612.88 1331.53 3744.72
810.172 1007.82 360.497 1160.35
810.172 1007.82 360.497 1160.35
2497.32 1112.91 2017.02 1258.63
461.613 1003.57 55.2803 1162.37
461.613 1003.57 55.2803 1162.37
722.015 1017.46 282.299 1170.87
2497.32 1112.91 2017.02 1258.63
722.015 1017.46 282.299 1170.87
722.015 1017.46 282.299 1170.87
752.061 1028.11 306.334 1180.43
899.301 1579.27 368.849 1713.98
2262.98 4067.91 1922.18 4213.89
949.097 1042.17 479.741 1189.65
899.301 1579.27 368.849 1713.98
790.766 1202.96 313.832 1349.7
3537.45 4742.69 3567.42 4939.85
814.38 1066.56 358.816 1215.81
3542.31 4903.98 3564.83 5097.94
2063.94 1107.78 1573.9 1251.12
651.06 1201.26 198.867 1354.39
3578.19 5058.74 3587.53 5250.87
2453.46 1607.12 1963.28 1746.06
772.811 1103.26 315.596 1255.49
3152.52 5074.16 3177.44 5267.24
2454.7 1636.46 1965.75 1775.11
924.722 1112.52 448.977 1259.6
3152.52 5074.16 3177.44 5267.24
1233.33 1119.19 721.19 1260.79
3531.01 5106.95 3535.44 5297.43
1330.36 1671.49 782.502 1804.26
3327.54 1065.28 3227.55 1260
2721.58 5225.55 2729.14 5414.46
2069.73 1675.96 1605.32 1819.88
663.776 1111.78 224.12 1263.2
2425.08 1274.43 1920.88 1414.54
1592.19 520.313 857.497 280.255
643.395 1156.79 197.739 1307.08
2425.08 1274.43 1920.88 1414.54
1019.84 1165.39 520.452 1308.98
1719.95 1275.73 1205.66 1418.4
1786.69 121.897 1570.58 313.687
1071.46 1175.26 561.239 1316.82
909.984 1301.23 401.741 1441.48
1071.46 1175.26 561.239 1316.82
2656.7 1176.6 2185.47 1321.19
525.635 1324.56 79.3345 1470.28
3210.83 1930.41 2866.68 2085.45
525.635 1324.56 79.3345 1470.28
831.85 1187.75 352.672 1334.03
1120.17 1193.56 602.795 1334.46
3338.08 1144.63 3235.19 1337.52
2905.4 1338.16 2458.06 1483.33
3326.88 1964.02 3015.17 2125.18
2690.09 1196.45 2222.8 1340.24
3326.88 1964.02 3015.17 2125.18
567.895 1339.36 112.187 1488.65
2906.6 1378.41 2459.23 1522.73
698.026 1234.69 231.891 1384.57
1056 1260.39 535.118 1399.94
2241.99 211.513 1997.54 394.314
899.317 1271.35 394.698 1413.7
995.092 1394.95 467.689 1534.37
1264.99 1330 715.095 1465
597.588 1322.35 140.857 1469.56
995.092 1394.95 467.689 1534.37
3106 2099.07 2771.04 2255.94
3407.36 1269.6 3334.24 1466.43
1158.55 1360.37 618.289 1496.56
3115.86 2129.72 2783.39 2287.14
601.507 357.727 323.184 537.518
2982.33 1389.94 2557.42 1538.96
847.17 1469.84 563.158 1530.91
1952.89 1386.98 1467 1530.06
2084.22 1394.33 1587.44 1534.51
1123.87 500.435 739.74 665.198
3202.96 1408.05 2882.28 1569.65
2067.95 1417.69 1574.66 1559.73
1123.87 500.435 739.74 665.198
1051.6 1431.89 516.113 1567.48
2020.89 1428.85 1530.4 1571.21
2115.85 1442.92 1622.37 1586.44
2115.85 1442.92 1622.37 1586.44
835.777 1439.89 321.471 1578.39
747.59 1452.04 248.713 1593.08
2414.31 1456.28 1913.9 1595.03
1615.26 2510.89 1122.64 2644.56
419.868 605.622 95.7347 777.996
691.341 2585.06 301.984 2701.01
419.868 605.622 95.7347 777.996
2078.57 1481.96 1589.05 1621.87
626.028 2593.97 257.656 2745.9
1091.85 648.622 669.111 807.227
647.638 1507.64 158.652 1651.03
1460.47 665.289 1035.77 818.034
2723.44 2611.52 2432.79 2770.25
2355.29 1527.82 1857.62 1666.6
923.878 1544.7 392.291 1680.69
2723.44 2611.52 2432.79 2770.25
2239.09 1552.51 1745.39 1692.53
2084.4 1453.94 1591.77 1595.3
1431.99 686.951 1001.94 843.382
694.774 2670.39 309.583 2818.09
1484.48 686.837 1053.89 843.326
694.774 2670.39 309.583 2818.09
2972.08 2654.61 2747.38 2824.29
2972.08 2654.61 2747.38 2824.29
703.965 1480.66 204.932 1620.13
1319.66 709.523 879.376 864.416
1319.66 709.523 879.376 864.416
758.89 1481.46 253.025 1621.22
1217.86 718.229 776.654 872.812
1265.01 2980.91 837.977 3120.81
2749.72 717.917 2431.98 886.138
1265.01 2980.91 837.977 3120.81
2749.72 717.917 2431.98 886.138
1637.08 3020.29 1223.84 3157.75
1006.12 812.062 560.445 965.727
1656.13 834.098 1212.45 988.661
3556.1 3016.83 3387.49 3192.79
1275.47 915.25 795.556 1063.14
3528.82 3076.49 3366.95 3252.45
857.942 930.377 410.968 1084.01
1087.23 934.595 617.442 1083.91
3675.91 3193.86 3538.33 3372.38
1087.23 934.595 617.442 1083.91
544.526 1562.84 70.8565 1705.4
1041.63 949.624 580.001 1095.67
3143.78 3475.33 2985.05 3647.45
2705.06 3641.44 2419.51 3798.09
1820.19 4085.55 1450.9 4226.71
2419.57 1621.7 1926.16 1761.18
3709.94 4430.25 3717.05 4630.44
3601.94 4502.6 3615.89 4698.07
3416.56 4555.49 3457.44 4752.41
1123.61 1754.79 590.292 1887.87
1124.72 1754.72 590.292 1887.87
3330.62 5052.59 3350.95 5245.32
2993.05 5321.39 2985.03 5508.15
2929.03 2019.87 2584.41 2175.75
2993.05 5321.39 2985.03 5508.15
2948.35 5335.38 2940.77 5523.47
3147.82 2118.04 2816.74 2275.37
3460.94 2198.42 3221.45 2365.79
1631.1 2272.76 1137.5 2407.93
1096.41 2365.77 630.263 2505.57
1096.41 2365.77 630.263 2505.57
799.816 229.916 3468.12 2520.29
650.464 2496.35 269.291 2637.57
606.146 2528.77 238.313 2676.54
2538.09 2636.99 2177.33 2769.76
2972.08 2654.61 2746.25 2821.38
2719.2 2711.56 2421.45 2871.57
2719.2 2711.56 2421.45 2871.57
3536.49 2960.03 3352.09 3132.01
3536.49 2960.03 3352.09 3132.01
1103.37 3147.61 705.33 3289.96
1103.37 3147.61 705.33 3289.96
3655.27 3314.72 3525.38 3493.22
3182.44 3367.62 3024.95 3540.33
3044.25 3388.33 2896.66 3563.25
3166.88 3449.83 3007.7 3622.62
3032.06 3504.69 2896.23 3681.23
1743 4085.95 1376.32 4226.35
350.605 4051.49 3086.82 4409.79
3678.21 4462.09 3690.54 4657.57
3382.44 4836.49 3423.62 5036.22
3469.37 4857.78 3498.3 5053.86
3452.66 4890.86 3484.09 5086.9
3707.76 5132.51 3711.24 5324.43
3707.76 5132.51 3711.24 5324.43
3611.47 5340.96 3587.89 5527.4
2116.65 208.132 1866.8 390.813
3086.7 1914.96 2726.25 2069.84
2074.27 1346.53 1572.74 1487.04
1112.48 683.233 682.409 840.936
822.374 1121.38 350.903 1271.14
1112.48 683.233 682.409 840.936
3147.82 2118.04 2818.09 2276.71
2785.92 738.245 2478.36 907.771
2785.92 738.245 2478.36 907.771
1910.44 1179.51 1429.39 1325.66
1723.84 2216.68 1230.69 2353.27
595.642 1423.71 128.07 1569.05
1358.56 773.256 909.498 924.522
1723.84 2216.68 1230.69 2353.27
855.619 864.344 418.385 1016.27
2277.53 1430.57 1775.33 1569.29
3508.29 1150.6 3459.59 1349.64
3439.95 1256.96 3372.27 1456.02
1292.42 952.661 804.208 1098.77
2621.65 1493 2137.25 1633.74
750.852 988.38 305.665 1141.45
425.368 2689.77 107.036 2846.91
1715.48 1004.32 1246.67 1154.45
1461.93 2768.2 1017.16 2907.02
1846.15 1343.34 1364.77 1486.53
1461.93 2768.2 1017.16 2907.02
783.096 1048.58 333.928 1195.68
1470.5 1642.68 924.555 1779.92
1421.97 2898.14 998.348 3038.48
1039.8 1083.92 549.466 1233.57
1098.39 2954.63 683.878 3095.81
2530.96 1659.07 2048.65 1800.75
991.135 1104.05 509.226 1252.57
1084.6 1433.38 544.082 1569.37
1149.56 1117.07 642.276 1260.14
1193.78 2976.2 768.47 3116.95
1149.56 1117.07 642.276 1260.14
1193.78 2976.2 768.47 3116.95
3508.29 1150.6 3414.27 1275.22
3637.57 3182.48 3497.43 3360.2
3375.79 1187.04 3286.9 1376.42
2855.84 1758.69 2481.8 1912.37
2425.08 1274.43 1920.15 1413.73
2425.08 1274.43 1920.15 1413.73
2214.69 3336.42 1801.21 3475.87
3126.23 1279.07 2754.9 1435.7
3189.61 2078.23 2865.27 2233.13
2905.4 1338.16 2458.3 1482.02
3127.16 1323.28 2757.59 1479.34
3589.6 2234.84 3368.6 2404.26
1014.71 1357.39 488.691 1495.91
1703.54 1359.03 1178.13 1493.55
2830.69 2602.85 2570.96 2768.29
1997.51 1378.58 1505.24 1520.73
2251.15 1740.73 1804.61 1885.49
995.092 1394.95 468.951 1533.1
769.738 2656.13 360.886 2803.65
769.738 2656.13 360.886 2803.65
3305.7 5125.09 3312.65 5314.86
3239.49 1375.09 2928.23 1542.79
2995.4 5279.65 2995.68 5468.35
1578.33 2757.43 1159.33 2899.89
1781.59 156.271 1555.91 345.097
3183.18 1394.35 2839.26 1561.73
1304.57 672.764 870.198 831.703
3232.08 2780.71 3004.44 2943.32
1107.35 1801.14 579.691 1937.39
2397.65 2846.93 2031 2995.02
1468.04 2916.94 1048.73 3059.18
554.697 1489.6 88.1286 1634.38
1394.07 808.743 935.411 962.73
2209.64 3155.57 1753.72 3097.26
1219.87 812.201 763.497 967.388
3023.71 805.531 2853.54 997.296
2364.83 1557.41 1869.02 1696.84
2364.83 1557.41 1869.02 1696.84
2209.64 3155.57 1800.59 3296.69
1724.65 949.268 1270.1 1103.62
310.015 3151.84 49.8195 3311.42
2133.05 1706.13 1673.1 1848.33
3126.49 2097.49 2789.71 2253.14
923.945 1018.77 462.174 1168.4
2931.72 1786.06 2564.71 1941.64
1029.86 3229.86 638.722 3370.76
1029.86 3229.86 638.722 3370.76
1195.35 1143.69 683.687 1289.31
3533.66 3305.51 3403.48 3483.08
3592.09 3339.62 3471.18 3511.77
763.783 1235.46 283 1391.07
808.93 2394.58 382.672 2540.79
3696.78 3632.71 3600.02 3814.1
1066.61 1339.16 540.478 1478.11
3638.87 3761.32 3521.78 3942.29
1888.58 2525.21 1400.64 2657.78
1993.9 2600.17 1513.81 2733
3140.11 2656.59 2905.14 2824.21
3554.71 4938.94 3579.17 5135.86
795.854 797.704 374.668 954.123
1468.04 2916.94 1048.51 3058.52
1001.95 884.035 548.414 1034.82
2794.63 535.082 3122.4 1134.07
1356.3 2997.67 929.67 3144.82
1419.85 3014.6 1005.92 3151.44
2209.64 3155.57 1788.81 3216.53
3247.56 3239.23 3096.1 3412.79
1792.53 3556.71 1330.91 3713.81
3175.12 3694.7 3033.98 3873.82
1598.8 3920.7 1210.54 4061.55
3115.09 4353.4 3217.01 4562.52
3237.48 4644 3288.04 4838.94
3471.32 4952.04 3504.47 5153.01
3109.15 1976.48 2768.64 2130.33
758.818 1541.76 248.729 1680.74
3276.47 2111.61 2970.04 2274.11
1215.14 2512.11 738.568 2653.5
1592.19 520.313 1246.35 685.908
1751.48 2549.9 1263.04 2687.7
1421.54 569.431 1022.53 711.425
947.672 806.809 508.463 960.376
1259.66 2763.61 805.281 2899.83
1251.92 892.957 774.466 1043.42
1259.66 2763.61 805.281 2899.83
1178.39 972.236 689.771 1115.38
3177.41 3278.77 3021.78 3454.6
1200.18 1063.67 701.306 1206.02
1792.53 3556.71 1342.23 3698.45
1200.18 1063.67 701.306 1206.02
1738.31 1097.35 1259.61 1242.78
2345.74 3882.92 1999.19 4030.27
2024.31 1678.32 1566.68 1816.42
1526.59 3976.1 1153.24 4115.94
1040.64 3468.62 652.387 3623.31
856.768 1234.47 352.753 1399.22
1655.45 3475.51 1232.52 3607.63
2381.04 1742.07 1946.42 1896.35
3279.7 4782.65 3340.51 4985.04
2432.88 1556.45 1938.44 1696.32
2314.61 4015.01 1988.72 4150.92
1069.69 1068.73 573.736 1207
1063.35 1735.41 520.874 1869.92
1824.71 1066.97 1352.09 1221.69
1554.86 4098.48 1189.92 4232.05
1669.98 1757.37 1182.01 1893.23
1591.59 2476.73 1097.22 2611.65
1840.7 1258.79 1357.23 1401.87
1771.88 1308.03 1272.04 1454.93
2961.39 1998.39 2614.06 2151.95
3035.61 5298.75 3028.02 5486.88
2078.71 1543.06 1595.65 1678.3
1093.02 827.418 644.438 975.648
1610.38 875.859 1155.23 1020.97
3068.8 3131.29 2915.97 3299.82
747.672 905.658 307.981 1057.48
887.085 3438.46 514.784 3584.81
2516.22 1459.09 2022.91 1604.85
2516.22 1459.09 2022.91 1604.85
1578.11 3807.2 1195.55 3943.38
1674.23 4017.99 1303.38 4161.26
1674.23 4017.99 1303.38 4161.26
3576.95 4193.12 3630.79 4355.36
2096.32 4305.06 1744.63 4447.02
1744.05 4328.11 1393.64 4470.08
1591.59 2476.73 1082.65 2598.84
1323.22 744.395 880.024 895.473
1773.44 805.847 1351.26 979.184
3304.12 2877.73 3097.01 3053.03
1323.22 744.395 880.024 895.473
3048.31 1519.39 2676.72 1675.19
1453.34 857.753 991.46 1019.73
880.871 1032.33 420.5 1184.22
880.871 1032.33 420.5 1184.22
535.672 1170.03 92.6205 1334.11
3022.67 2214.11 2769.9 2390.45
1990.09 3742.55 1559.86 3881.36
1990.09 3742.55 1559.86 3881.36
686.821 1342.78 215.724 1480.55
686.821 1342.78 215.724 1480.55
1578.11 3807.2 1191.91 3945.17
1578.11 3807.2 1191.91 3945.17
2179.07 1365.38 1671.38 1523.78
1917.75 1702.79 1426.47 1844.28
2381.04 1742.07 1952.95 1897.8
3019.28 4324.23 3098.64 4525.49
2961.7 1741.5 2591.98 1889.62
2255.96 1869.76 1800.79 1985.77
2285.37 2638.6 1848.21 2748.17
1849.14 4506.76 1506.28 4651.01
3417.52 4462.3 3468.99 4649.18
2100.82 5172.96 2140.91 5350.14
